AEDAUD,20210311,0.3504,0.3504,0.3503,0.3503,0
AEDCAD,20210311,0.3439,0.3439,0.3425,0.3425,0
AEDCHF,20210311,0.2532,0.2532,0.252,0.252,0
AEDDKK,20210311,1.6973,1.6973,1.6891,1.6891,0
AEDEUR,20210311,0.2283,0.2283,0.2272,0.2272,0
AEDGBP,20210311,0.1949,0.1949,0.1949,0.1949,0
AEDINR,20210311,19.827,19.827,19.778,19.78,0
AEDJPY,20210311,29.548,29.559,29.548,29.552,0
AEDNOK,20210311,2.2979,2.2979,2.2903,2.2928,0
AEDNZD,20210311,0.3768,0.3768,0.3767,0.3767,0
AEDPKR,20210311,42.729,42.749,42.723,42.747,0
AEDSAR,20210311,1.0206,1.0212,1.0204,1.0206,0
AEDSEK,20210311,2.3104,2.3104,2.3012,2.3013,0
AEDUSD,20210311,0.2722,0.2723,0.2722,0.2722,0
AEDZAR,20210311,4.0963,4.106,4.021,4.0335,0
ALLGBP,20210311,0.0069,0.0069,0.0069,0.0069,0
ARSAUD,20210311,0.0142,0.0143,0.0141,0.0142,0
ARSBRL,20210311,0.0625,0.0626,0.0609,0.061,0
ARSCAD,20210311,0.0139,0.0139,0.0138,0.0138,0
ARSCHF,20210311,0.0103,0.0103,0.0102,0.0102,0
ARSEUR,20210311,0.0092,0.0093,0.0092,0.0092,0
ARSGBP,20210311,0.0079,0.0079,0.0079,0.0079,0
ARSHKD,20210311,0.0856,0.0856,0.0854,0.0855,0
ARSJPY,20210311,1.195,1.199,1.194,1.196,0
ARSMXN,20210311,0.2303,0.2307,0.2268,0.2271,0
ARSSGD,20210311,0.0148,0.0148,0.0148,0.0148,0
ARSUSD,20210311,0.011,0.011,0.011,0.011,0
ARSZAR,20210311,0.1663,0.1664,0.1631,0.1633,0
AUDAED,20210311,2.84,2.86,2.84,2.86,0
AUDARS,20210311,70.1776,70.742,70.0851,70.7009,0
AUDBRL,20210311,4.3855,4.4086,4.3025,4.3096,0
AUDCAD,20210311,0.9763,0.9796,0.9747,0.9758,0
AUDCHF,20210311,0.7193,0.7224,0.7178,0.7201,0
AUDCNH,20210311,5.0273,5.0529,5.0222,5.0456,0
AUDCNY,20210311,5.02,5.0475,5.02,5.0458,0
AUDCZK,20210311,17.004,17.048,16.965,17.007,0
AUDDKK,20210311,4.8242,4.8426,4.8185,4.8317,0
AUDEUR,20210311,0.6487,0.6512,0.6481,0.6498,0
AUDFJD,20210311,1.576,1.5839,1.5727,1.58,0
AUDGBP,20210311,0.5553,0.5579,0.5548,0.5566,0
AUDHKD,20210311,6.007,6.0468,5.9942,6.0412,0
AUDHUF,20210311,237.82,238.43,236.62,237.04,0
AUDIDR,20210311,11124.1,11166,1119.4,1119.8,0
AUDILS,20210311,2.5696,2.5766,2.5598,2.5747,0
AUDINR,20210311,56.219,56.597,56.145,56.569,0
AUDJPY,20210311,83.889,84.559,83.825,84.521,0
AUDKRW,20210311,879.09,881.12,877.56,879.68,0
AUDMXN,20210311,16.167,16.1947,16.0283,16.0555,0
AUDMYR,20210311,3.1701,3.1916,3.1701,3.191,0
AUDNOK,20210311,6.5216,6.5694,6.5145,6.5497,0
AUDNZD,20210311,1.0751,1.0784,1.0741,1.0773,0
AUDPHP,20210311,37.425,37.633,37.422,37.618,0
AUDPKR,20210311,121.113,121.794,121.113,121.794,0
AUDPLN,20210311,2.9678,2.9803,2.9654,2.9763,0
AUDSEK,20210311,6.5611,6.5908,6.5539,6.5802,0
AUDSGD,20210311,1.0398,1.0438,1.0384,1.043,0
AUDTHB,20210311,23.734,23.791,23.628,23.767,0
AUDTRY,20210311,5.7933,5.8538,5.7756,5.8087,0
AUDTWD,20210311,21.803,21.865,21.803,21.865,0
AUDUSD,20210311,0.7738,0.7794,0.7723,0.7786,0
AUDZAR,20210311,11.6579,11.7027,11.5082,11.5417,0
AWGUSD,20210311,0.555,0.5558,0.555,0.5555,0
BDTGBP,20210311,0.0085,0.0085,0.0084,0.0084,0
BDTJPY,20210311,1.2819,1.2819,1.2784,1.2784,0
BGNCNY,20210311,3.9601,3.9726,3.9589,3.9714,0
BGNDKK,20210311,3.7901,3.8011,3.7882,3.7892,0
BGNUSD,20210311,0.6073,0.6114,0.6073,0.6105,0
BHDEUR,20210311,2.2151,2.2158,2.2029,2.2029,0
BHDPKR,20210311,416.03,416.37,415.94,416.35,0
BHDUSD,20210311,2.6355,2.6504,2.6343,2.6352,0
BNDGBP,20210311,0.5346,0.5346,0.5341,0.5343,0
BRLARS,20210311,15.9916,16.413,15.9814,16.3939,0
BRLAUD,20210311,0.2278,0.2323,0.2265,0.2318,0
BRLCAD,20210311,0.2223,0.2266,0.2217,0.2262,0
BRLCHF,20210311,0.1638,0.1671,0.1629,0.1669,0
BRLEUR,20210311,0.1477,0.1508,0.1472,0.1506,0
BRLHKD,20210311,1.3676,1.4021,1.3669,1.4007,0
BRLJPY,20210311,19.101,19.607,19.1,19.603,0
BRLKRW,20210311,200.265,203.379,199.339,203.379,0
BRLMXN,20210311,3.6816,3.7331,3.654,3.7219,0
BRLRUB,20210311,12.964,13.243,12.94,13.24,0
BRLSEK,20210311,1.4939,1.5279,1.4889,1.5252,0
BRLSGD,20210311,0.2367,0.2421,0.2361,0.2418,0
BRLUSD,20210311,0.1763,0.1808,0.1762,0.1806,0
BRLZAR,20210311,2.6563,2.6793,2.6335,2.6781,0
BWPCHF,20210311,0.0834,0.0839,0.0834,0.0839,0
BWPEUR,20210311,0.0753,0.0758,0.0753,0.0758,0
BWPGBP,20210311,0.0644,0.0649,0.0643,0.0649,0
BWPUSD,20210311,0.0896,0.0907,0.0896,0.0907,0
BWPZAR,20210311,1.354,1.36,1.3427,1.3475,0
CADAED,20210311,2.9119,2.9335,2.9092,2.9309,0
CADARS,20210311,71.8912,72.489,71.8666,72.4444,0
CADAUD,20210311,1.0241,1.0258,1.0205,1.0245,0
CADBRL,20210311,4.4934,4.5097,4.4076,4.4157,0
CADCHF,20210311,0.7369,0.7381,0.7344,0.7376,0
CADCNH,20210311,5.158,5.167,5.158,5.167,0
CADCNY,20210311,5.1457,5.1647,5.1457,5.1629,0
CADDKK,20210311,4.942,4.9532,4.9355,4.9514,0
CADEUR,20210311,0.6645,0.6661,0.6637,0.6658,0
CADGBP,20210311,0.5688,0.5708,0.5683,0.5703,0
CADHKD,20210311,6.1523,6.1961,6.1469,6.19,0
CADIDR,20210311,11396.9,11410.4,1147.3,1147.4,0
CADILS,20210311,2.6326,2.6403,2.6209,2.6382,0
CADINR,20210311,57.594,57.99,57.562,57.966,0
CADJPY,20210311,85.894,86.641,85.894,86.62,0
CADKRW,20210311,900.59,903,898.19,901.44,0
CADKWD,20210311,0.2395,0.2411,0.2394,0.2409,0
CADMXN,20210311,16.561,16.581,16.421,16.454,0
CADMYR,20210311,3.2514,3.2689,3.2514,3.2682,0
CADNOK,20210311,6.6788,6.7265,6.6608,6.7109,0
CADNZD,20210311,1.1012,1.1047,1.0972,1.1039,0
CADPKR,20210311,124.191,124.737,124.191,124.737,0
CADPLN,20210311,3.0401,3.0535,3.0289,3.0495,0
CADRUB,20210311,58.3,58.657,58.271,58.522,0
CADSEK,20210311,6.7192,6.7488,6.7039,6.7418,0
CADSGD,20210311,1.0648,1.0697,1.0646,1.0688,0
CADTHB,20210311,24.314,24.376,24.207,24.354,0
CADTRY,20210311,5.9349,5.9905,5.8974,5.9544,0
CADTWD,20210311,22.386,22.386,22.373,22.373,0
CADUSD,20210311,0.7926,0.7986,0.792,0.7978,0
CADZAR,20210311,11.9349,11.9651,11.7917,11.8217,0
CDFUSD,20210311,0.0005,0.0005,0.0005,0.0005,0
CHFAED,20210311,3.9502,3.9682,3.9502,3.9682,0
CHFARS,20210311,97.5746,98.2664,97.4691,98.1671,0
CHFAUD,20210311,1.3896,1.393,1.3839,1.3887,0
CHFBRL,20210311,6.097,6.13,5.982,5.9857,0
CHFBWP,20210311,11.9658,11.9658,11.8947,11.8947,0
CHFCAD,20210311,1.3567,1.361,1.3541,1.3551,0
CHFCNH,20210311,6.992,7.013,6.992,7.013,0
CHFCNY,20210311,6.9885,7.0199,6.9832,7.0138,0
CHFCZK,20210311,23.63,23.711,23.561,23.616,0
CHFDKK,20210311,6.7054,6.725,6.6854,6.71,0
CHFEUR,20210311,0.9017,0.9046,0.9007,0.9024,0
CHFGBP,20210311,0.772,0.7756,0.7709,0.773,0
CHFHKD,20210311,8.3474,8.4019,8.3367,8.3888,0
CHFHUF,20210311,330.54,331.181,328.855,329.165,0
CHFIDR,20210311,15465.7,15498.3,1555.5,1555.8,0
CHFILS,20210311,3.5726,3.5789,3.5569,3.5752,0
CHFINR,20210311,78.169,78.633,78.068,78.544,0
CHFJPY,20210311,116.552,117.41,116.552,117.398,0
CHFKRW,20210311,1222.48,1224.71,1219.43,1221.41,0
CHFMXN,20210311,22.472,22.513,22.255,22.296,0
CHFMYR,20210311,4.4125,4.4408,4.4125,4.4399,0
CHFNOK,20210311,9.0638,9.1393,9.0479,9.095,0
CHFNZD,20210311,1.4939,1.5002,1.4887,1.4962,0
CHFPKR,20210311,168.722,170.161,168.535,169.996,0
CHFPLN,20210311,4.1258,4.144,4.1128,4.1329,0
CHFRON,20210311,4.4022,4.4148,4.3973,4.4014,0
CHFRUB,20210311,79.103,79.849,79.004,79.287,0
CHFSEK,20210311,9.1161,9.1704,9.0964,9.135,0
CHFSGD,20210311,1.4449,1.4507,1.4421,1.4487,0
CHFSZL,20210311,16.4237,16.4237,16.1304,16.1304,0
CHFTHB,20210311,32.991,33.077,32.834,33,0
CHFTRY,20210311,8.0567,8.1478,7.9996,8.0674,0
CHFTWD,20210311,30.401,30.41,30.401,30.41,0
CHFUSD,20210311,1.0754,1.0828,1.0741,1.0812,0
CHFZAR,20210311,16.1866,16.2216,15.9835,16.0222,0
CLPEUR,20210311,0.0012,0.0012,0.0012,0.0012,0
CLPGBP,20210311,0.001,0.001,0.001,0.001,0
CLPUSD,20210311,0.0014,0.0014,0.0014,0.0014,0
CNHHKD,20210311,1.1943,1.1976,1.1931,1.1969,0
CNHIDR,20210311,2223,2226,2223,2224,0
CNHINR,20210311,11.203,11.214,11.203,11.213,0
CNHJPY,20210311,16.6761,16.749,16.6726,16.7457,0
CNHKRW,20210311,175.3,175.4,175.2,175.2,0
CNHPHP,20210311,7.4592,7.4725,7.4592,7.4725,0
CNHTHB,20210311,4.725,4.728,4.725,4.725,0
CNHTWD,20210311,4.36,4.36,4.35,4.35,0
CNYAUD,20210311,0.1986,0.1991,0.1976,0.1977,0
CNYBGN,20210311,0.2519,0.252,0.2512,0.2512,0
CNYCAD,20210311,0.1939,0.1942,0.1928,0.1929,0
CNYCHF,20210311,0.1429,0.1433,0.1422,0.1424,0
CNYDKK,20210311,0.9584,0.9584,0.9554,0.9554,0
CNYEUR,20210311,0.1289,0.1289,0.1285,0.1285,0
CNYGBP,20210311,0.1105,0.1105,0.1101,0.1102,0
CNYHKD,20210311,1.1934,1.1989,1.1922,1.1942,0
CNYJPY,20210311,16.647,16.708,16.646,16.689,0
CNYKRW,20210311,174.71,175.23,173.83,173.87,0
CNYMYR,20210311,0.6318,0.6339,0.6318,0.6336,0
CNYNZD,20210311,0.2136,0.2142,0.2127,0.2129,0
CNYUSD,20210311,0.1537,0.1542,0.1537,0.154,0
CNYZAR,20210311,2.3134,2.3225,2.2747,2.2803,0
COPDKK,20210311,0.0017,0.0017,0.0017,0.0017,0
CRCGBP,20210311,0.0012,0.0012,0.0012,0.0012,0
CYPZAR,20210311,30.681,30.746,30.284,30.323,0
CZKCHF,20210311,0.0423,0.0424,0.0421,0.0423,0
CZKDKK,20210311,0.2833,0.2842,0.2831,0.2838,0
CZKEUR,20210311,0.0381,0.0382,0.0381,0.0382,0
CZKJPY,20210311,4.929,4.9672,4.9245,4.9644,0
CZKMXN,20210311,0.9496,0.9508,0.9418,0.9421,0
CZKNOK,20210311,0.383,0.3863,0.3822,0.3845,0
CZKPLN,20210311,0.1744,0.1751,0.1741,0.1748,0
CZKSEK,20210311,0.3854,0.3878,0.3853,0.3866,0
CZKUSD,20210311,0.0454,0.0458,0.0454,0.0457,0
DJFGBP,20210311,0.004,0.004,0.004,0.004,0
DKKAED,20210311,0.5882,0.5911,0.5882,0.5911,0
DKKAUD,20210311,0.2072,0.2075,0.2065,0.2069,0
DKKBGN,20210311,0.2621,0.2629,0.262,0.262,0
DKKBRL,20210311,0.9098,0.9128,0.8906,0.8924,0
DKKCAD,20210311,0.2023,0.2026,0.2018,0.2019,0
DKKCHF,20210311,14.91,14.927,14.832,14.902,0
DKKCNY,20210311,1.042,1.0449,1.041,1.0449,0
DKKCOP,20210311,573.95,573.95,571.09,571.09,0
DKKCZK,20210311,3.524,3.526,3.513,3.519,0
DKKEUR,20210311,0.1345,0.1345,0.1344,0.1345,0
DKKGBP,20210311,0.1151,0.1154,0.1149,0.1152,0
DKKHKD,20210311,1.2451,1.2511,1.2435,1.2505,0
DKKHUF,20210311,49.297,49.297,49.004,49.071,0
DKKINR,20210311,11.6618,11.7188,11.6554,11.7072,0
DKKISK,20210311,20.433,20.594,20.415,20.594,0
DKKJPY,20210311,17.3799,17.497,17.3784,17.4936,0
DKKMXN,20210311,3.3519,3.3534,3.3175,3.3217,0
DKKMYR,20210311,0.657,0.6609,0.657,0.6607,0
DKKNOK,20210311,1.3517,1.3602,1.3477,1.355,0
DKKNZD,20210311,0.2228,0.2233,0.222,0.2228,0
DKKPHP,20210311,7.7618,7.7905,7.7611,7.7854,0
DKKPKR,20210311,25.179,25.353,25.104,25.332,0
DKKPLN,20210311,0.6152,0.6167,0.6136,0.6158,0
DKKSEK,20210311,1.3595,1.3648,1.3569,1.3614,0
DKKSGD,20210311,0.2155,0.216,0.2152,0.2159,0
DKKTHB,20210311,4.9238,4.9329,4.9009,4.921,0
DKKTRY,20210311,1.2013,1.2123,1.1935,1.203,0
DKKTWD,20210311,4.5276,4.5276,4.5224,4.5259,0
DKKUAH,20210311,4.4333,4.462,4.4306,4.462,0
DKKUSD,20210311,0.1604,0.1612,0.1602,0.1611,0
DKKZAR,20210311,2.4133,2.4199,2.3826,2.3866,0
DOPGBP,20210311,0.0125,0.0125,0.0124,0.0124,0
DZDEUR,20210311,0.0063,0.0063,0.0063,0.0063,0
DZDUSD,20210311,0.0075,0.0075,0.0075,0.0075,0
EGPEUR,20210311,0.0533,0.0533,0.053,0.0531,0
EGPJPY,20210311,6.885,6.913,6.879,6.902,0
EGPPKR,20210311,9.976,9.997,9.974,9.996,0
EGPUSD,20210311,0.0635,0.0637,0.0634,0.0636,0
ETBGBP,20210311,0.0178,0.0178,0.0176,0.0176,0
EURAED,20210311,4.378,4.4,4.377,4.4,0
EURAFN,20210311,93.22,93.62,93.22,93.62,0
EURALL,20210311,123.23,123.23,123.13,123.13,0
EURAMD,20210311,625.14,629.59,625.14,629.59,0
EURARS,20210311,108.0793,108.7479,108.0793,108.7479,0
EURAUD,20210311,1.5413,1.5431,1.5354,1.5385,0
EURBBD,20210311,2.3989,2.4136,2.3989,2.4136,0
EURBDT,20210311,100.703,101.322,100.703,101.322,0
EURBGN,20210311,1.9493,1.955,1.9482,1.9486,0
EURBHD,20210311,0.4467,0.4504,0.4465,0.4489,0
EURBIF,20210311,2311.59,2325.94,2311.59,2325.94,0
EURBND,20210311,1.6002,1.6013,1.6002,1.6013,0
EURBOB,20210311,8.2027,8.2412,8.2027,8.2412,0
EURBRL,20210311,6.76,6.7843,6.6254,6.6325,0
EURBSD,20210311,1.1886,1.1959,1.1886,1.1959,0
EURBWP,20210311,13.2527,13.2527,13.1651,13.1651,0
EURBZD,20210311,2.3948,2.4095,2.3948,2.4095,0
EURCAD,20210311,1.5046,1.5066,1.5006,1.5017,0
EURCHF,20210311,1.1088,1.1101,1.1053,1.1082,0
EURCLP,20210311,871.48,871.48,859.29,859.29,0
EURCNH,20210311,7.7496,7.7713,7.7473,7.765,0
EURCNY,20210311,7.7465,7.7696,7.7428,7.7683,0
EURCOP,20210311,4259,4259,4238,4238,0
EURCRC,20210311,725.85,729.72,725.85,729.72,0
EURCUP,20210311,28.536,28.712,28.536,28.712,0
EURCZK,20210311,26.204,26.2257,26.1297,26.17,0
EURDJF,20210311,211.5,212.8,211.5,212.8,0
EURDKK,20210311,7.436,7.4364,7.4351,7.4361,0
EURDOP,20210311,68.425,68.761,68.425,68.761,0
EURDZD,20210311,158.586,159.265,158.586,159.049,0
EUREGP,20210311,18.73,18.81,18.729,18.784,0
EURETB,20210311,48.2111,48.5458,48.2111,48.5458,0
EURFJD,20210311,2.422,2.4324,2.4179,2.4242,0
EURGBP,20210311,0.856,0.8582,0.8548,0.8565,0
EURGHS,20210311,6.8238,6.8657,6.8238,6.8657,0
EURGMD,20210311,61.033,61.353,61.033,61.324,0
EURGNF,20210311,12043.6,12105,12043.6,12105,0
EURGTQ,20210311,9.178,9.24,9.178,9.24,0
EURHKD,20210311,9.2578,9.3035,9.248,9.2945,0
EURHNL,20210311,28.577,28.746,28.577,28.746,0
EURHRK,20210311,7.5756,7.5774,7.5656,7.5774,0
EURHTG,20210311,91.42,92,91.42,92,0
EURHUF,20210311,366.568,366.568,364.448,364.808,0
EURIDR,20210311,17112.91,17218.07,17097.65,17213.2,0
EURILS,20210311,3.948,3.9555,3.9424,3.9519,0
EURINR,20210311,86.6791,87.0809,86.5941,87.0356,0
EURIQD,20210311,1732.78,1743.44,1732.78,1743.44,0
EURISK,20210311,151.957,153.157,151.824,153.157,0
EURJMD,20210311,176.605,176.703,176.605,176.703,0
EURJOD,20210311,0.8385,0.8476,0.8382,0.843,0
EURJPY,20210311,129.251,130.122,129.251,130.067,0
EURKES,20210311,130.28,131.08,130.28,131.08,0
EURKHR,20210311,4816.6,4832.4,4816.6,4832.4,0
EURKRW,20210311,1355.1,1357.3,1349.8,1353.6,0
EURKWD,20210311,0.3598,0.3616,0.3598,0.3613,0
EURKYD,20210311,0.9902,0.9963,0.9902,0.9963,0
EURKZT,20210311,499.39,501.62,499.39,501.62,0
EURLAK,20210311,11128.3,11212.3,11128.3,11212.3,0
EURLBP,20210311,1795.7,1807.5,1794.1,1806.9,0
EURLKR,20210311,233.41,234.84,233.41,234.84,0
EURLSL,20210311,18.1953,18.1953,17.8585,17.8585,0
EURLYD,20210311,5.3595,5.3808,5.3595,5.3808,0
EURMAD,20210311,10.726,10.743,10.726,10.743,0
EURMDL,20210311,21.001,21.185,21.001,21.185,0
EURMKD,20210311,61.541,61.543,61.477,61.516,0
EURMMK,20210311,1675.095,1685.388,1675.095,1685.388,0
EURMOP,20210311,9.4998,9.5529,9.4998,9.5529,0
EURMUR,20210311,46.14,47.58,46.13,46.62,0
EURMVR,20210311,18.2842,18.4378,18.2842,18.4171,0
EURMWK,20210311,929.743,935.452,929.743,935.452,0
EURMXN,20210311,24.93,24.938,24.666,24.704,0
EURMYR,20210311,4.9012,4.9086,4.8959,4.9086,0
EURNAD,20210311,18.1953,18.1953,17.8585,17.8585,0
EURNGN,20210311,488.9,491.9,488.9,491.9,0
EURNIO,20210311,41.38,41.63,41.38,41.63,0
EURNOK,20210311,10.0507,10.1148,10.0298,10.076,0
EURNPR,20210311,138.586,138.919,138.586,138.919,0
EURNZD,20210311,1.6573,1.6604,1.6508,1.6574,0
EUROMR,20210311,0.4576,0.4601,0.4575,0.4599,0
EURPAB,20210311,1.1881,1.1954,1.1881,1.1954,0
EURPEN,20210311,4.3894,4.4152,4.3894,4.4152,0
EURPGK,20210311,4.2231,4.2231,4.2151,4.2151,0
EURPHP,20210311,57.716,57.932,57.712,57.893,0
EURPKR,20210311,186.663,187.746,186.663,187.746,0
EURPLN,20210311,4.5749,4.5863,4.5627,4.5792,0
EURPYG,20210311,7866.9,7886.5,7866.9,7886.5,0
EURQAR,20210311,4.3235,4.351,4.3235,4.351,0
EURRON,20210311,4.8849,4.8856,4.8804,4.8805,0
EURRSD,20210311,117.494,117.494,117.494,117.494,0
EURRUB,20210311,87.7104,88.3676,87.6236,87.9013,0
EURRWF,20210311,1180.33,1187.63,1180.33,1187.63,0
EURSAR,20210311,4.4677,4.4895,4.4676,4.4895,0
EURSCR,20210311,24.292,25.323,24.285,24.43,0
EURSEK,20210311,10.1107,10.1498,10.0979,10.1259,0
EURSGD,20210311,1.6026,1.6065,1.6003,1.6054,0
EURSOS,20210311,687,691.2,687,691.2,0
EURSVC,20210311,10.37,10.43,10.37,10.43,0
EURSZL,20210311,18.19,18.19,17.8531,17.8531,0
EURTHB,20210311,36.548,36.571,36.497,36.569,0
EURTND,20210311,3.2771,3.2956,3.2771,3.2956,0
EURTRY,20210311,8.9347,9.0153,8.8767,8.9453,0
EURTTD,20210311,8.0699,8.1195,8.0699,8.1195,0
EURTWD,20210311,33.671,33.671,33.658,33.658,0
EURTZS,20210311,2754.01,2770.94,2754.01,2770.94,0
EURUAH,20210311,32.9693,33.1826,32.9693,33.1826,0
EURUGX,20210311,4349,4381.7,4349,4381.7,0
EURUSD,20210311,1.1929,1.199,1.1916,1.1985,0
EURUYU,20210311,52.98,53.371,52.98,53.371,0
EURUZS,20210311,12487.97,12576.19,12487.97,12576.19,0
EURVND,20210311,27384,27552,27384,27552,0
EURYER,20210311,298.26,299.9,298.02,299.69,0
EURZAR,20210311,17.9465,17.996,17.7252,17.7526,0
FJDGBP,20210311,0.3512,0.3512,0.3499,0.3501,0
FJDUSD,20210311,0.4877,0.4898,0.485,0.4898,0
GBPAED,20210311,5.1306,5.1306,5.1305,5.1306,0
GBPALL,20210311,143.77,143.77,143.57,143.64,0
GBPARS,20210311,126.4015,127.0287,126.2856,126.976,0
GBPAUD,20210311,1.8006,1.8023,1.7923,1.7961,0
GBPBDT,20210311,117.47,118.19,117.32,118.19,0
GBPBGN,20210311,2.278,2.2806,2.2763,2.2763,0
GBPBHD,20210311,0.5221,0.5259,0.5219,0.5243,0
GBPBIF,20210311,2696.8,2713.2,2694.5,2713.2,0
GBPBMD,20210311,1.3966,1.4028,1.3955,1.4027,0
GBPBND,20210311,1.8667,1.8679,1.8648,1.8679,0
GBPBRL,20210311,7.8916,7.9149,7.7302,7.7416,0
GBPBWP,20210311,15.459,15.459,15.356,15.356,0
GBPCAD,20210311,1.7576,1.7594,1.7516,1.7534,0
GBPCHF,20210311,1.2954,1.2971,1.2889,1.2935,0
GBPCLP,20210311,1009.22,1011.28,997.36,997.99,0
GBPCNH,20210311,9.05,9.071,9.042,9.063,0
GBPCNY,20210311,9.051,9.071,9.043,9.071,0
GBPCOP,20210311,4979.1,4979.1,4954.1,4954.1,0
GBPCRC,20210311,851.42,854.75,847.95,854.7,0
GBPCZK,20210311,30.609,30.609,30.486,30.548,0
GBPDJF,20210311,246.75,248.23,246.54,248.23,0
GBPDKK,20210311,8.686,8.698,8.665,8.68,0
GBPDOP,20210311,80.176,80.383,79.891,80.378,0
GBPDZD,20210311,185.23,185.78,185.23,185.56,0
GBPEGP,20210311,21.8865,21.9544,21.8667,21.9368,0
GBPETB,20210311,56.245,56.629,56.225,56.629,0
GBPEUR,20210311,1.1681,1.1698,1.165,1.1675,0
GBPFJD,20210311,2.8365,2.8533,2.8299,2.8374,0
GBPGTQ,20210311,10.759,10.82,10.714,10.818,0
GBPHKD,20210311,10.816,10.858,10.802,10.854,0
GBPHNL,20210311,33.812,33.944,33.38,33.942,0
GBPHRK,20210311,8.838,8.8383,8.8263,8.8383,0
GBPHTG,20210311,107.171,107.701,106.736,107.695,0
GBPHUF,20210311,428.2,428.4,425.2,425.8,0
GBPIDR,20210311,20035,20055,2011,2011,0
GBPILS,20210311,4.6277,4.63,4.6043,4.6261,0
GBPINR,20210311,101.2961,101.6848,101.2435,101.6157,0
GBPIQD,20210311,2021.3,2033.7,2018.9,2033.7,0
GBPISK,20210311,177.74,179.14,177.3,178.78,0
GBPJMD,20210311,206.01,206.12,205.87,206.12,0
GBPJOD,20210311,0.9843,0.9881,0.9843,0.9881,0
GBPJPY,20210311,150.986,151.872,150.986,151.815,0
GBPKES,20210311,151.7,152.6,151.3,152.6,0
GBPKRW,20210311,1583.7,1587.4,1576.4,1579.9,0
GBPKWD,20210311,0.4202,0.4218,0.4202,0.4217,0
GBPKZT,20210311,582.61,585.15,582.61,585.15,0
GBPLBP,20210311,2094.8,2108.5,2092.9,2107.9,0
GBPLKR,20210311,272.28,273.94,272,273.94,0
GBPMAD,20210311,12.513,12.532,12.497,12.532,0
GBPMUR,20210311,54.607,55.675,54.389,54.881,0
GBPMVR,20210311,21.3566,21.5507,21.3566,21.5507,0
GBPMWK,20210311,1084.5,1091.1,1084.2,1091.1,0
GBPMXN,20210311,29.122,29.131,28.783,28.839,0
GBPMYR,20210311,5.7093,5.7435,5.7093,5.7424,0
GBPNGN,20210311,530.09,575.19,529.74,533.05,0
GBPNIO,20210311,48.895,49.189,48.394,49.175,0
GBPNOK,20210311,11.7403,11.8191,11.6927,11.7636,0
GBPNZD,20210311,1.9357,1.9412,1.9265,1.935,0
GBPOMR,20210311,0.5342,0.537,0.5342,0.5364,0
GBPPEN,20210311,5.1442,5.1665,5.1271,5.1661,0
GBPPGK,20210311,4.9266,4.9266,4.9168,4.9168,0
GBPPHP,20210311,67.403,67.577,67.403,67.57,0
GBPPKR,20210311,218,219.1,218,219.1,0
GBPPLN,20210311,5.3446,5.3592,5.3177,5.3447,0
GBPQAR,20210311,5.058,5.0805,5.058,5.0805,0
GBPRON,20210311,5.7063,5.708,5.6919,5.6995,0
GBPRSD,20210311,137.07,137.07,136.97,137.05,0
GBPRUB,20210311,102.425,103.066,102.261,102.564,0
GBPSAR,20210311,5.215,5.2373,5.215,5.2373,0
GBPSCR,20210311,28.376,29.539,28.369,28.512,0
GBPSEK,20210311,11.8129,11.8586,11.7651,11.8213,0
GBPSGD,20210311,1.8724,1.8746,1.8677,1.8739,0
GBPSZL,20210311,21.219,21.219,20.825,20.825,0
GBPTHB,20210311,42.7,42.7,42.6,42.7,0
GBPTND,20210311,3.8232,3.8443,3.8219,3.8443,0
GBPTRY,20210311,10.4364,10.5279,10.3633,10.4413,0
GBPTTD,20210311,9.414,9.471,9.402,9.471,0
GBPTWD,20210311,39.374,39.413,39.174,39.174,0
GBPUAH,20210311,38.464,38.708,38.44,38.708,0
GBPUSD,20210311,1.3934,1.3994,1.3918,1.399,0
GBPVND,20210311,31944,32139,31913,32139,0
GBPXAF,20210311,765.23,765.23,765.17,765.17,0
GBPXCD,20210311,3.7453,3.77,3.7429,3.7611,0
GBPXPF,20210311,139.72,140.55,139.55,139.84,0
GBPZAR,20210311,21.018,21.0309,20.6762,20.7208,0
GHSEUR,20210311,0.1465,0.1465,0.1456,0.1456,0
GHSUSD,20210311,0.1742,0.1742,0.1741,0.1741,0
GTQGBP,20210311,0.0929,0.0933,0.0924,0.0924,0
HKDARS,20210311,11.6874,11.7011,11.6874,11.6996,0
HKDAUD,20210311,0.1666,0.1668,0.1654,0.1655,0
HKDBRL,20210311,0.7303,0.731,0.7126,0.7131,0
HKDCAD,20210311,0.1626,0.1627,0.1614,0.1615,0
HKDCHF,20210311,0.1198,0.12,0.119,0.1192,0
HKDCNY,20210311,0.8372,0.8372,0.8353,0.8358,0
HKDDKK,20210311,0.8035,0.804,0.7992,0.7999,0
HKDEUR,20210311,0.1081,0.1081,0.1075,0.1076,0
HKDGBP,20210311,0.0925,0.0926,0.0921,0.0921,0
HKDIDR,20210311,1853,1854.2,185.2,185.3,0
HKDINR,20210311,9.3623,9.3704,9.3465,9.3617,0
HKDJPY,20210311,13.973,14.022,13.966,13.994,0
HKDKRW,20210311,146.46,146.91,145.48,145.53,0
HKDMXN,20210311,2.6936,2.696,2.6525,2.6572,0
HKDMYR,20210311,0.5296,0.5305,0.5295,0.5303,0
HKDNZD,20210311,0.179,0.1793,0.178,0.1783,0
HKDPKR,20210311,20.216,20.232,20.213,20.231,0
HKDPLN,20210311,0.4943,0.495,0.4915,0.4925,0
HKDSEK,20210311,1.0926,1.096,1.0865,1.0889,0
HKDSGD,20210311,0.1732,0.1733,0.1725,0.1727,0
HKDTHB,20210311,3.9521,3.9521,3.93,3.9313,0
HKDTWD,20210311,3.6469,3.6469,3.6265,3.6265,0
HKDUSD,20210311,0.1288,0.1289,0.1288,0.1289,0
HKDZAR,20210311,1.9401,1.9453,1.9055,1.9085,0
HNLGBP,20210311,0.0296,0.03,0.0295,0.0295,0
HRKEUR,20210311,0.1317,0.1317,0.1317,0.1317,0
HRKPLN,20210311,0.6027,0.6032,0.6027,0.6032,0
HRKUSD,20210311,0.1566,0.1575,0.1566,0.1575,0
HTGGBP,20210311,0.0093,0.0094,0.0093,0.0093,0
HUFCHF,20210311,0.003,0.003,0.003,0.003,0
HUFDKK,20210311,0.0203,0.0204,0.0203,0.0204,0
HUFEUR,20210311,0.0027,0.0027,0.0027,0.0027,0
HUFPLN,20210311,0.0125,0.0126,0.0125,0.0125,0
HUFUSD,20210311,0.0033,0.0033,0.0033,0.0033,0
IDRAUD,20210311,0.0001,0.0001,0.0001,0.0001,0
IDRCAD,20210311,0.0001,0.0001,0.0001,0.0001,0
IDRCHF,20210311,0.0001,0.0001,0.0001,0.0001,0
IDRCNY,20210311,0.0005,0.0005,0.0005,0.0005,0
IDREUR,20210311,0.0001,0.0001,0.0001,0.0001,0
IDRGBP,20210311,0.0001,0.0001,0.0001,0.0001,0
IDRHKD,20210311,0.0005,0.001,0.0005,0.001,0
IDRINR,20210311,0.005,0.0051,0.005,0.0051,0
IDRJPY,20210311,0.0075,0.0138,0.0075,0.0138,0
IDRKRW,20210311,0.079,0.079,0.078,0.078,0
IDRMYR,20210311,0.0003,0.0003,0.0003,0.0003,0
IDRNZD,20210311,0.0001,0.0002,0.0001,0.0002,0
IDRSGD,20210311,0.0001,0.0001,0.0001,0.0001,0
IDRTHB,20210311,0.0021,0.0032,0.0021,0.0032,0
IDRTWD,20210311,0.002,0.002,0.002,0.002,0
IDRUSD,20210311,0.0001,0.0001,0.0001,0.0001,0
IDRZAR,20210311,0.0011,0.0019,0.001,0.0019,0
ILSAUD,20210311,0.3888,0.39,0.3878,0.388,0
ILSCAD,20210311,0.3795,0.3808,0.3785,0.3786,0
ILSCHF,20210311,0.2797,0.2807,0.2791,0.2795,0
ILSJOD,20210311,0.2132,0.2147,0.2132,0.2141,0
ILSJPY,20210311,32.604,32.852,32.604,32.799,0
ILSSEK,20210311,2.5572,2.572,2.5531,2.56,0
ILSUSD,20210311,0.3007,0.3027,0.3007,0.3021,0
INRAUD,20210311,0.0178,0.0178,0.0177,0.0177,0
INRCAD,20210311,0.0174,0.0174,0.0172,0.0172,0
INRCHF,20210311,0.0128,0.0128,0.0127,0.0127,0
INRCNY,20210311,0.0893,0.0894,0.0892,0.0892,0
INREUR,20210311,0.0115,0.0115,0.0115,0.0115,0
INRGBP,20210311,0.0099,0.0099,0.0098,0.0098,0
INRHKD,20210311,0.1067,0.1069,0.1066,0.1067,0
INRJPY,20210311,1.491,1.496,1.49,1.493,0
INRKRW,20210311,15.629,15.673,15.54,15.545,0
INRMYR,20210311,0.0564,0.0566,0.0564,0.0566,0
INRNZD,20210311,0.0191,0.0191,0.019,0.019,0
INRPKR,20210311,2.1551,2.1598,2.1548,2.1598,0
INRSEK,20210311,0.1166,0.117,0.116,0.1162,0
INRTHB,20210311,0.4218,0.4218,0.4196,0.4196,0
INRTWD,20210311,0.3879,0.3879,0.3874,0.3874,0
INRUSD,20210311,0.0138,0.0138,0.0137,0.0138,0
INRZAR,20210311,0.207,0.2076,0.2034,0.2038,0
IQDGBP,20210311,0.0005,0.0005,0.0005,0.0005,0
ISKCHF,20210311,0.0072,0.0073,0.0072,0.0072,0
ISKDKK,20210311,0.0487,0.0487,0.0484,0.0484,0
ISKGBP,20210311,0.0056,0.0056,0.0056,0.0056,0
JMDGBP,20210311,0.0048,0.0048,0.0048,0.0048,0
JODAED,20210311,5.1779,5.1781,5.1763,5.1778,0
JODEUR,20210311,1.1765,1.1784,1.1691,1.1691,0
JODILS,20210311,4.6842,4.6842,4.6522,4.6637,0
JODUSD,20210311,1.4103,1.4116,1.4099,1.4112,0
JPYAED,20210311,0.0339,0.0339,0.0338,0.0338,0
JPYARS,20210311,0.8366,0.8372,0.8339,0.8363,0
JPYAUD,20210311,0.0119,0.0119,0.0118,0.0118,0
JPYBRL,20210311,0.0523,0.0523,0.051,0.051,0
JPYCAD,20210311,0.0116,0.0116,0.0115,0.0115,0
JPYCHF,20210311,0.8574,0.858,0.8495,0.852,0
JPYCLP,20210311,6.6795,6.6815,6.5705,6.5717,0
JPYCNY,20210311,0.0599,0.0599,0.0597,0.0598,0
JPYCZK,20210311,0.2026,0.2028,0.201,0.2012,0
JPYDKK,20210311,0.0573,0.0574,0.057,0.057,0
JPYEUR,20210311,0.0077,0.0077,0.0077,0.0077,0
JPYGBP,20210311,0.0066,0.0066,0.0066,0.0066,0
JPYHKD,20210311,0.0716,0.0716,0.0713,0.0715,0
JPYIDR,20210311,132.62,132.69,13.24,13.25,0
JPYILS,20210311,0.0306,0.0306,0.0304,0.0305,0
JPYINR,20210311,0.6701,0.6705,0.6678,0.6691,0
JPYKRW,20210311,10.4796,10.5042,10.405,10.405,0
JPYMXN,20210311,0.1927,0.1929,0.1896,0.19,0
JPYMYR,20210311,0.0379,0.0379,0.0378,0.0379,0
JPYNOK,20210311,0.0776,0.0778,0.0771,0.0773,0
JPYNZD,20210311,0.0128,0.0128,0.0127,0.0127,0
JPYPKR,20210311,1.4455,1.4459,1.4453,1.4459,0
JPYPLN,20210311,0.0354,0.0354,0.0352,0.0352,0
JPYRUB,20210311,0.678,0.6809,0.6747,0.6752,0
JPYSEK,20210311,0.0781,0.0781,0.0776,0.0777,0
JPYTHB,20210311,0.2829,0.283,0.2809,0.2811,0
JPYTWD,20210311,0.2602,0.2602,0.2593,0.2593,0
JPYUSD,20210311,0.0092,0.0092,0.0092,0.0092,0
JPYZAR,20210311,0.139,0.1392,0.1363,0.1365,0
KESEUR,20210311,0.0077,0.0077,0.0076,0.0076,0
KESUSD,20210311,0.0091,0.0091,0.0091,0.0091,0
KESZAR,20210311,0.1395,0.1395,0.136,0.136,0
KMFUSD,20210311,0.0024,0.0024,0.0024,0.0024,0
KRWAUD,20210311,0.0011,0.0011,0.0011,0.0011,0
KRWBRL,20210311,0.005,0.005,0.0049,0.0049,0
KRWCAD,20210311,0.0011,0.0011,0.0011,0.0011,0
KRWCHF,20210311,0.0008,0.0008,0.0008,0.0008,0
KRWCNY,20210311,0.0057,0.0057,0.0057,0.0057,0
KRWEUR,20210311,0.0007,0.0007,0.0007,0.0007,0
KRWHKD,20210311,0.0068,0.0069,0.0068,0.0069,0
KRWIDR,20210311,12.625,12.671,9.4257,9.4257,0
KRWINR,20210311,0.0639,0.0643,0.0638,0.0643,0
KRWJPY,20210311,0.095,0.096,0.095,0.096,0
KRWMYR,20210311,0.0036,0.0036,0.0036,0.0036,0
KRWNZD,20210311,0.0012,0.0012,0.0012,0.0012,0
KRWRUB,20210311,0.0647,0.0653,0.0645,0.0649,0
KRWSEK,20210311,0.0075,0.0075,0.0074,0.0075,0
KRWSGD,20210311,0.0012,0.0012,0.0012,0.0012,0
KRWTHB,20210311,0.027,0.027,0.0269,0.027,0
KRWTWD,20210311,0.0247,0.0248,0.0246,0.0248,0
KRWUSD,20210311,0.0009,0.0009,0.0009,0.0009,0
KRWZAR,20210311,0.0132,0.0133,0.0131,0.0131,0
KWDAED,20210311,12.13,12.141,12.126,12.141,0
KWDGBP,20210311,2.3688,2.3698,2.3602,2.3602,0
KWDPKR,20210311,518.11,519.07,518.05,519.06,0
KWDUSD,20210311,3.2958,3.3064,3.2948,3.2984,0
KZTGBP,20210311,0.0017,0.0017,0.0017,0.0017,0
LBPUSD,20210311,0.0007,0.0007,0.0007,0.0007,0
LKRUSD,20210311,0.0051,0.0051,0.0051,0.0051,0
LRDUSD,20210311,0.0057,0.0058,0.0057,0.0058,0
MADGBP,20210311,0.0798,0.0798,0.0797,0.0797,0
MADUSD,20210311,0.1107,0.1112,0.1107,0.1112,0
MDLEUR,20210311,0.0475,0.0475,0.047,0.0473,0
MDLUSD,20210311,0.0566,0.0566,0.0564,0.0564,0
MKDUSD,20210311,0.0192,0.0193,0.0192,0.0193,0
MUREUR,20210311,0.0204,0.0209,0.0202,0.0202,0
MURGBP,20210311,0.0175,0.0179,0.0173,0.0173,0
MURUSD,20210311,0.0245,0.0251,0.0243,0.0245,0
MURZAR,20210311,0.3778,0.3778,0.3665,0.3665,0
MVRUSD,20210311,0.0648,0.0648,0.0647,0.0647,0
MWKGBP,20210311,0.0009,0.0009,0.0009,0.0009,0
MXNARS,20210311,4.3402,4.4067,4.3361,4.406,0
MXNAUD,20210311,0.0619,0.0624,0.0617,0.0623,0
MXNBRL,20210311,0.2714,0.2732,0.2676,0.2685,0
MXNCAD,20210311,0.0604,0.0609,0.0603,0.0608,0
MXNCHF,20210311,0.0445,0.0449,0.0444,0.0448,0
MXNCZK,20210311,1.0514,1.0602,1.0499,1.0595,0
MXNDKK,20210311,0.2983,0.3013,0.2981,0.3011,0
MXNEUR,20210311,0.0401,0.0405,0.0401,0.0405,0
MXNGBP,20210311,0.0343,0.0347,0.0343,0.0347,0
MXNHKD,20210311,0.3714,0.3769,0.3708,0.3764,0
MXNJPY,20210311,5.186,5.271,5.184,5.265,0
MXNSGD,20210311,0.0643,0.0651,0.0642,0.065,0
MXNUSD,20210311,0.0479,0.0486,0.0478,0.0485,0
MXNZAR,20210311,0.721,0.723,0.7158,0.7193,0
MYRAUD,20210311,0.3143,0.3144,0.3127,0.3131,0
MYRCAD,20210311,0.3067,0.3069,0.3055,0.3055,0
MYRCHF,20210311,0.226,0.2262,0.2249,0.2255,0
MYRCNH,20210311,1.583,1.583,1.577,1.577,0
MYRCNY,20210311,1.579,1.581,1.5775,1.581,0
MYRDKK,20210311,1.5218,1.5218,1.5125,1.5125,0
MYREUR,20210311,0.2036,0.2036,0.2033,0.2033,0
MYRGBP,20210311,0.175,0.175,0.174,0.1741,0
MYRHKD,20210311,1.8865,1.8932,1.8833,1.8913,0
MYRIDR,20210311,3488.1,3503.7,3484.9,3503.7,0
MYRINR,20210311,17.662,17.72,17.633,17.708,0
MYRJPY,20210311,26.351,26.476,26.34,26.467,0
MYRKRW,20210311,275.36,276.61,274.84,274.93,0
MYRNZD,20210311,0.3375,0.3385,0.3363,0.3375,0
MYRPKR,20210311,38.036,38.227,38.036,38.225,0
MYRSGD,20210311,0.3266,0.3269,0.3257,0.3266,0
MYRTHB,20210311,7.4486,7.4487,7.4372,7.4413,0
MYRTWD,20210311,6.8619,6.8619,6.8489,6.8489,0
MYRUSD,20210311,0.2433,0.2433,0.2428,0.2429,0
MYRZAR,20210311,3.6628,3.6668,3.6069,3.6159,0
NGNGBP,20210311,0.0019,0.0019,0.0017,0.0019,0
NGNJPY,20210311,0.285,0.2859,0.2636,0.2849,0
NIOGBP,20210311,0.0205,0.0207,0.0203,0.0203,0
NOKCAD,20210311,0.1495,0.1501,0.1483,0.1489,0
NOKCHF,20210311,11.015,11.054,10.931,10.989,0
NOKCNH,20210311,0.79,0.79,0.778,0.778,0
NOKDKK,20210311,0.7388,0.7416,0.7347,0.7375,0
NOKEUR,20210311,0.0994,0.0997,0.0988,0.0992,0
NOKGBP,20210311,0.0851,0.0856,0.0846,0.0849,0
NOKINR,20210311,8.6188,8.6645,8.5769,8.6311,0
NOKJPY,20210311,12.8414,12.9394,12.8371,12.9004,0
NOKPLN,20210311,0.4545,0.4564,0.4523,0.4542,0
NOKSEK,20210311,1.0047,1.0079,0.9993,1.004,0
NOKUSD,20210311,0.1185,0.1193,0.1179,0.1188,0
NOKZAR,20210311,1.7884,1.7914,1.7517,1.7632,0
NZDAED,20210311,2.6385,2.6536,2.6385,2.6518,0
NZDAUD,20210311,0.9297,0.9309,0.9268,0.9281,0
NZDCAD,20210311,0.9075,0.911,0.9041,0.9057,0
NZDCHF,20210311,0.6686,0.6715,0.6665,0.6684,0
NZDCNH,20210311,4.673,4.7,4.666,4.682,0
NZDCNY,20210311,4.6693,4.6924,4.6693,4.6852,0
NZDCZK,20210311,15.807,15.852,15.741,15.788,0
NZDDKK,20210311,4.4854,4.5028,4.4765,4.4858,0
NZDEUR,20210311,0.6031,0.6055,0.6018,0.6033,0
NZDGBP,20210311,0.5162,0.5189,0.5151,0.5167,0
NZDHKD,20210311,5.5847,5.617,5.5815,5.6084,0
NZDHUF,20210311,221.07,221.63,219.51,220.06,0
NZDIDR,20210311,10342.9,10381.1,1039.1,1039.1,0
NZDINR,20210311,52.263,52.54,52.224,52.509,0
NZDJPY,20210311,77.972,78.606,77.972,78.465,0
NZDKRW,20210311,817.32,819.73,815.09,816.51,0
NZDMXN,20210311,15.0316,15.0534,14.8585,14.8977,0
NZDMYR,20210311,2.9459,2.9683,2.9459,2.9634,0
NZDNOK,20210311,6.0627,6.1051,6.0624,6.0795,0
NZDPKR,20210311,112.592,113.095,112.592,113.095,0
NZDPLN,20210311,2.7593,2.769,2.7554,2.7627,0
NZDSEK,20210311,6.0991,6.1283,6.0965,6.1084,0
NZDSGD,20210311,0.967,0.9702,0.9657,0.9685,0
NZDTHB,20210311,22.065,22.118,21.986,22.075,0
NZDTRY,20210311,5.3862,5.4409,5.3688,5.3951,0
NZDTWD,20210311,20.268,20.327,20.268,20.327,0
NZDUSD,20210311,0.7195,0.7241,0.7192,0.7229,0
NZDZAR,20210311,10.8398,10.8764,10.6787,10.7213,0
OMRAED,20210311,9.5356,9.5396,9.5352,9.5355,0
OMRGBP,20210311,1.8603,1.8612,1.8515,1.8515,0
OMRPKR,20210311,407.59,407.84,407.53,407.81,0
OMRUSD,20210311,2.5891,2.5968,2.5888,2.589,0
OMRZAR,20210311,39.128,39.1858,38.3812,38.4965,0
PENGBP,20210311,0.1944,0.1951,0.1935,0.1936,0
PGKGBP,20210311,0.2025,0.2029,0.2022,0.2029,0
PHPDKK,20210311,0.1282,0.1283,0.1278,0.1278,0
PHPGBP,20210311,0.0147,0.0148,0.0147,0.0147,0
PHPJPY,20210311,2.2283,2.2403,2.2281,2.2336,0
PHPUSD,20210311,0.0206,0.0207,0.0206,0.0207,0
PKRGBP,20210311,0.0046,0.0046,0.0046,0.0046,0
PKRJPY,20210311,0.6909,0.6914,0.6906,0.691,0
PKRZAR,20210311,0.096,0.0961,0.0941,0.0943,0
PLNCHF,20210311,0.2422,0.243,0.2412,0.2415,0
PLNCZK,20210311,5.725,5.734,5.698,5.705,0
PLNDKK,20210311,1.6244,1.629,1.6203,1.621,0
PLNEUR,20210311,0.2184,0.2191,0.2178,0.218,0
PLNGBP,20210311,0.187,0.188,0.1865,0.1867,0
PLNHUF,20210311,80.129,80.186,79.483,79.58,0
PLNJPY,20210311,28.234,28.432,28.234,28.35,0
PLNNOK,20210311,2.1962,2.2094,2.1906,2.1969,0
PLNSEK,20210311,2.2088,2.2166,2.2042,2.2072,0
PLNUSD,20210311,0.2605,0.2622,0.2602,0.2612,0
QARAED,20210311,1.011,1.0144,1.0085,1.0096,0
QARGBP,20210311,0.1977,0.1977,0.1968,0.1968,0
QARPKR,20210311,43.06,43.15,43.04,43.13,0
QARUSD,20210311,0.2746,0.2746,0.2746,0.2746,0
QARZAR,20210311,4.1477,4.1553,4.0682,4.0787,0
RONCHF,20210311,0.2266,0.2269,0.2261,0.2266,0
RONGBP,20210311,0.1751,0.1756,0.175,0.1753,0
RONUSD,20210311,0.2437,0.2453,0.2436,0.2451,0
RSDUSD,20210311,0.0101,0.0101,0.0101,0.0101,0
RUBCHF,20210311,0.0126,0.0127,0.0125,0.0126,0
RUBGBP,20210311,0.0098,0.0098,0.0097,0.0097,0
RUBJPY,20210311,1.473,1.481,1.4681,1.4799,0
RUBKRW,20210311,15.454,15.498,15.31,15.408,0
RUBPLN,20210311,0.0522,0.0523,0.0519,0.0522,0
RUBUSD,20210311,0.0136,0.0137,0.0135,0.0136,0
SAREUR,20210311,0.2234,0.2234,0.2223,0.2223,0
SARPKR,20210311,41.834,41.864,41.827,41.863,0
SARUSD,20210311,0.2663,0.2666,0.2663,0.2663,0
SCRGBP,20210311,0.0326,0.0337,0.0324,0.0324,0
SCRUSD,20210311,0.0454,0.047,0.0453,0.0454,0
SEKAUD,20210311,0.1524,0.1526,0.1509,0.1519,0
SEKCAD,20210311,0.1488,0.1491,0.1475,0.1482,0
SEKCHF,20210311,10.96,10.98,10.86,10.94,0
SEKCNH,20210311,0.766,0.767,0.766,0.767,0
SEKCZK,20210311,2.5926,2.595,2.5661,2.5856,0
SEKDKK,20210311,0.7352,0.7364,0.7324,0.7342,0
SEKEUR,20210311,0.0989,0.099,0.0981,0.0987,0
SEKGBP,20210311,0.0846,0.0849,0.0843,0.0846,0
SEKILS,20210311,0.3917,0.3922,0.3887,0.3912,0
SEKINR,20210311,8.5741,8.6127,8.5501,8.5933,0
SEKJPY,20210311,12.7801,12.8532,12.7788,12.8396,0
SEKNOK,20210311,0.9937,0.9976,0.9924,0.9949,0
SEKPLN,20210311,0.4523,0.4533,0.4508,0.4522,0
SEKUSD,20210311,0.1179,0.1185,0.1176,0.1183,0
SEKZAR,20210311,1.7772,1.78,1.7469,1.7553,0
SGDAED,20210311,2.732,2.74,2.731,2.74,0
SGDARS,20210311,67.498,67.788,67.4706,67.7552,0
SGDAUD,20210311,0.9617,0.9629,0.9578,0.9583,0
SGDBRL,20210311,4.2206,4.2328,4.1253,4.1309,0
SGDCAD,20210311,0.9387,0.9396,0.9347,0.9351,0
SGDCHF,20210311,0.6918,0.6932,0.6892,0.6903,0
SGDCNH,20210311,4.84,4.84,4.837,4.837,0
SGDCNY,20210311,4.8347,4.8468,4.8326,4.84,0
SGDDKK,20210311,4.6396,4.6461,4.6284,4.6322,0
SGDEUR,20210311,0.6239,0.6248,0.6224,0.6229,0
SGDGBP,20210311,0.5341,0.5353,0.5334,0.5335,0
SGDHKD,20210311,5.7728,5.7934,5.7709,5.7896,0
SGDIDR,20210311,10710.4,10723.1,10660.9,10682.2,0
SGDINR,20210311,54.072,54.232,54.041,54.214,0
SGDJPY,20210311,80.651,81.038,80.642,81.007,0
SGDKRW,20210311,845.78,847.71,842.92,843.06,0
SGDMXN,20210311,15.5497,15.5664,15.3652,15.3865,0
SGDMYR,20210311,3.053,3.0671,3.053,3.0663,0
SGDNZD,20210311,1.034,1.0362,1.0304,1.0323,0
SGDPKR,20210311,116.643,117.003,116.642,117.003,0
SGDPLN,20210311,2.8546,2.8603,2.8454,2.8527,0
SGDSEK,20210311,6.308,6.3336,6.296,6.3071,0
SGDTHB,20210311,22.816,22.816,22.774,22.783,0
SGDTWD,20210311,21.031,21.054,20.975,20.991,0
SGDUSD,20210311,0.7441,0.7467,0.7436,0.7462,0
SGDZAR,20210311,11.2027,11.2285,11.0311,11.0543,0
SHPUSD,20210311,1.3822,1.3964,1.3822,1.3964,0
SZLCHF,20210311,0.0608,0.0619,0.0608,0.0619,0
SZLEUR,20210311,0.0549,0.0559,0.0549,0.0559,0
SZLGBP,20210311,0.047,0.0479,0.047,0.0479,0
SZLUSD,20210311,0.0653,0.0653,0.0653,0.0653,0
THBAUD,20210311,0.0421,0.0423,0.042,0.042,0
THBCAD,20210311,0.0411,0.0413,0.041,0.041,0
THBCHF,20210311,0.0303,0.0304,0.0302,0.0303,0
THBCNY,20210311,0.2117,0.2128,0.2117,0.2122,0
THBEUR,20210311,0.0273,0.0274,0.0273,0.0273,0
THBGBP,20210311,0.0234,0.0235,0.0234,0.0234,0
THBHKD,20210311,0.2528,0.2542,0.2528,0.2539,0
THBIDR,20210311,465.688,468.641,441.298,441.298,0
THBINR,20210311,2.3681,2.3803,2.3681,2.3777,0
THBJPY,20210311,3.5306,3.5557,3.5306,3.5537,0
THBKRW,20210311,37.009,37.151,36.937,36.967,0
THBMYR,20210311,0.1337,0.1344,0.1337,0.1344,0
THBNZD,20210311,0.0453,0.0455,0.0452,0.0453,0
THBPKR,20210311,5.1089,5.1298,5.1089,5.1298,0
THBSGD,20210311,0.0438,0.044,0.0438,0.0439,0
THBTWD,20210311,0.9205,0.9217,0.9205,0.9217,0
THBUSD,20210311,0.0325,0.0327,0.0325,0.0327,0
THBZAR,20210311,0.4905,0.4936,0.4833,0.4848,0
TNDGBP,20210311,0.2614,0.2614,0.26,0.26,0
TNDUSD,20210311,0.3627,0.3633,0.3627,0.3632,0
TRYCHF,20210311,0.1237,0.1249,0.1226,0.1233,0
TRYDKK,20210311,0.8297,0.8371,0.824,0.8278,0
TRYJPY,20210311,14.419,14.6,14.381,14.477,0
TRYPLN,20210311,0.5105,0.5142,0.5073,0.5098,0
TRYUSD,20210311,0.1331,0.1345,0.1323,0.1334,0
TRYZAR,20210311,2.0072,2.0227,1.9704,1.978,0
TTDGBP,20210311,0.106,0.106,0.1053,0.1053,0
TWDAUD,20210311,0.0457,0.0458,0.0456,0.0457,0
TWDCAD,20210311,0.0446,0.0447,0.0446,0.0446,0
TWDCHF,20210311,0.0329,0.0329,0.0328,0.0329,0
TWDCNY,20210311,0.2298,0.2306,0.2297,0.2305,0
TWDDKK,20210311,0.2205,0.2206,0.2203,0.2206,0
TWDHKD,20210311,0.2746,0.2761,0.2743,0.2758,0
TWDIDR,20210311,507.7,510.94,507.24,510.94,0
TWDINR,20210311,2.5746,2.588,2.5705,2.588,0
TWDJPY,20210311,3.834,3.861,3.834,3.859,0
TWDKRW,20210311,40.277,40.318,40.095,40.318,0
TWDMYR,20210311,0.145,0.1461,0.145,0.146,0
TWDNZD,20210311,0.0492,0.0494,0.049,0.0494,0
TWDPKR,20210311,5.5402,5.5721,5.5402,5.5721,0
TWDSEK,20210311,0.2999,0.3012,0.2995,0.3004,0
TWDSGD,20210311,0.0475,0.0477,0.0475,0.0476,0
TWDTHB,20210311,1.0844,1.0855,1.0823,1.0852,0
TWDUSD,20210311,0.0354,0.0357,0.0353,0.0357,0
TWDZAR,20210311,0.5329,0.5337,0.526,0.5266,0
TZSZAR,20210311,0.0065,0.0065,0.0064,0.0064,0
UAHDKK,20210311,0.2253,0.2253,0.2238,0.2238,0
UAHEUR,20210311,0.0303,0.0303,0.0301,0.0301,0
UAHUSD,20210311,0.036,0.036,0.036,0.036,0
USDAED,20210311,3.6728,3.6729,3.6727,3.6728,0
USDAFN,20210311,78.315,78.315,78.266,78.266,0
USDALL,20210311,103.589,103.589,102.942,102.947,0
USDARS,20210311,90.7174,90.7927,90.6571,90.7745,0
USDAUD,20210311,1.2921,1.2948,1.2828,1.284,0
USDAWG,20210311,1.795,1.797,1.795,1.795,0
USDBDT,20210311,84.671,84.707,84.671,84.707,0
USDBGN,20210311,1.637,1.637,1.6271,1.6271,0
USDBHD,20210311,0.3749,0.377,0.3746,0.3747,0
USDBIF,20210311,1943.1,1944.5,1943.1,1943.5,0
USDBND,20210311,1.3454,1.3454,1.3387,1.3387,0
USDBOB,20210311,6.8968,6.8968,6.8898,6.8898,0
USDBRL,20210311,5.671,5.6719,5.5296,5.5346,0
USDBWP,20210311,11.1428,11.1428,11.0062,11.0062,0
USDBZD,20210311,2.0135,2.0144,2.0135,2.0144,0
USDCAD,20210311,1.2615,1.2625,1.252,1.2536,0
USDCDF,20210311,1992.6,1995.2,1992.6,1993.6,0
USDCHF,20210311,0.9297,0.9308,0.9234,0.9247,0
USDCLP,20210311,724.33,724.39,713.1,713.26,0
USDCNH,20210311,6.4972,6.5048,6.4764,6.4816,0
USDCNY,20210311,6.5048,6.5051,6.4838,6.4928,0
USDCOP,20210311,3549.6,3552,3516.3,3552,0
USDCRC,20210311,610.29,610.29,610.06,610.06,0
USDCUP,20210311,23.9937,24.0037,23.9937,24.0037,0
USDCVE,20210311,92.725,92.725,92.18,92.189,0
USDCZK,20210311,21.9685,21.9861,21.8025,21.8352,0
USDDJF,20210311,177.81,177.91,177.76,177.84,0
USDDKK,20210311,6.2358,6.2404,6.2012,6.2058,0
USDDOP,20210311,57.522,57.522,57.466,57.466,0
USDDZD,20210311,133.075,133.143,132.689,132.689,0
USDEGP,20210311,15.7042,15.7401,15.6436,15.6754,0
USDETB,20210311,40.475,40.585,40.475,40.48,0
USDEUR,20210311,0.8386,0.8392,0.834,0.8345,0
USDFJD,20210311,2.0396,2.0462,2.0303,2.0303,0
USDGBP,20210311,0.7176,0.7184,0.7146,0.7148,0
USDGEL,20210311,3.314,3.321,3.314,3.321,0
USDGHS,20210311,5.7345,5.7398,5.7345,5.7357,0
USDGMD,20210311,51.32,51.36,51.32,51.34,0
USDGNF,20210311,10115.7,10119.6,10096.5,10096.5,0
USDGTQ,20210311,7.7166,7.7249,7.7166,7.7249,0
USDHKD,20210311,7.7618,7.7618,7.7576,7.7583,0
USDHNL,20210311,24.028,24.032,24.028,24.031,0
USDHRK,20210311,6.3596,6.3629,6.3293,6.3303,0
USDHTG,20210311,76.867,76.915,76.867,76.915,0
USDHUF,20210311,307.329,307.616,304.168,304.548,0
USDIDR,20210311,14393,14406,14281,14307,0
USDILS,20210311,3.321,3.321,3.3005,3.3068,0
USDINR,20210311,72.706,72.7971,72.5666,72.6389,0
USDIQD,20210311,1457.3,1457.8,1457.3,1457.6,0
USDISK,20210311,127.584,128.362,127.138,127.804,0
USDJOD,20210311,0.7074,0.708,0.7074,0.7079,0
USDJPY,20210311,108.453,108.811,108.388,108.579,0
USDKES,20210311,109.498,109.585,109.28,109.475,0
USDKHR,20210311,4048.7,4048.7,4040,4040.8,0
USDKMF,20210311,414,414,412.8,412.8,0
USDKRW,20210311,1137.69,1140.57,1128.64,1129.53,0
USDKWD,20210311,0.3024,0.3024,0.3021,0.3021,0
USDKZT,20210311,419.96,419.96,419.35,419.35,0
USDLAK,20210311,9358.18,9373.61,9358.18,9373.1,0
USDLBP,20210311,1509.7,1511.1,1509.7,1510.4,0
USDLKR,20210311,196.25,196.33,196.25,196.33,0
USDLRD,20210311,173.81,173.81,173.78,173.78,0
USDLSL,20210311,15.5405,15.5405,15.0232,15.0232,0
USDLYD,20210311,4.5059,4.5059,4.4977,4.4977,0
USDMAD,20210311,9.0205,9.0205,8.9817,8.9844,0
USDMDL,20210311,17.661,17.71,17.661,17.71,0
USDMKD,20210311,51.45,51.45,51.45,51.45,0
USDMMK,20210311,1408.412,1409.0106,1408.412,1409.0106,0
USDMOP,20210311,7.987,7.987,7.986,7.986,0
USDMUR,20210311,38.815,39.903,38.777,38.978,0
USDMVR,20210311,15.29,15.39,15.29,15.34,0
USDMWK,20210311,781.04,782.05,780.26,780.26,0
USDMXN,20210311,20.8924,20.9238,20.5818,20.6155,0
USDMYR,20210311,4.1098,4.1166,4.1075,4.115,0
USDNAD,20210311,15.5229,15.5229,15.0289,15.0289,0
USDNGN,20210311,410.86,411.67,409.65,409.65,0
USDNIO,20210311,34.8577,34.8795,34.8577,34.8795,0
USDNOK,20210311,8.4259,8.4787,8.3771,8.4102,0
USDNPR,20210311,116.523,116.523,116.139,116.139,0
USDNZD,20210311,1.3894,1.3901,1.3809,1.3833,0
USDOMR,20210311,0.3837,0.3849,0.3837,0.3838,0
USDPAB,20210311,0.999,0.9994,0.999,0.9994,0
USDPEN,20210311,3.6911,3.6914,3.6911,3.6914,0
USDPGK,20210311,3.5476,3.5476,3.5168,3.5168,0
USDPHP,20210311,48.5278,48.5283,48.3632,48.4224,0
USDPKR,20210311,156.8687,156.9405,156.8495,156.9186,0
USDPLN,20210311,3.8362,3.8413,3.8129,3.8218,0
USDPYG,20210311,6614.5,6614.5,6593.2,6593.2,0
USDQAR,20210311,3.6361,3.638,3.6361,3.638,0
USDRON,20210311,4.0935,4.0957,4.0676,4.0703,0
USDRSD,20210311,98.807,98.807,98.224,98.224,0
USDRUB,20210311,73.524,73.85,73.168,73.301,0
USDRWF,20210311,991.47,992.87,990.68,990.68,0
USDSAR,20210311,3.7466,3.7503,3.7462,3.7465,0
USDSCR,20210311,20.3897,21.1709,20.3701,20.3823,0
USDSEK,20210311,8.476,8.504,8.4214,8.4494,0
USDSGD,20210311,1.3434,1.3447,1.3386,1.3397,0
USDSLL,20210311,10180,10205,10180,10198,0
USDSOS,20210311,577.4,577.9,577,577,0
USDSVC,20210311,8.7411,8.744,8.7411,8.744,0
USDSZL,20210311,15.2679,15.2679,15.0289,15.0289,0
USDTHB,20210311,30.6859,30.6944,30.4769,30.5354,0
USDTND,20210311,2.7557,2.7557,2.7523,2.7525,0
USDTRY,20210311,7.4933,7.5489,7.4296,7.4637,0
USDTWD,20210311,28.2344,28.3052,28.0012,28.0012,0
USDTZS,20210311,2317.3,2318.1,2317.3,2318.1,0
USDUAH,20210311,27.725,27.74,27.725,27.74,0
USDUYU,20210311,44.545,44.619,44.494,44.619,0
USDUZS,20210311,10489.5,10513.5,10489.5,10501.6,0
USDVND,20210311,23026.65,23035.46,23026.65,23034.88,0
USDXAF,20210311,551.53,551.53,548.39,548.39,0
USDXOF,20210311,551.51,551.51,548.39,548.51,0
USDXPF,20210311,101.059,101.059,100.489,100.489,0
USDYER,20210311,250.27,250.33,250.27,250.29,0
USDZAR,20210311,15.041,15.0829,14.7472,14.8111,0
UYUEUR,20210311,0.0186,0.0187,0.0186,0.0186,0
UYUUSD,20210311,0.0222,0.0223,0.0222,0.0223,0
VNDJPY,20210311,0.0047,0.0047,0.0047,0.0047,0
VNDXAF,20210311,0.0239,0.0239,0.0238,0.0238,0
XAGARS,20210311,2374.91,2398.08,2358.38,2369.71,0
XAGAUD,20210311,33.79,34,33.41,33.47,0
XAGBRL,20210311,148.52,149.98,144.47,144.51,0
XAGCAD,20210311,33.03,33.2903,32.7022,32.7081,0
XAGCHF,20210311,774.7205,780.1789,766.4615,768.65,0
XAGCNY,20210311,170.34,171.7,168.63,169.51,0
XAGEUR,20210311,21.94,22.12,21.71,21.78,0
XAGGBP,20210311,18.75,18.93,18.56,18.62,0
XAGHKD,20210311,203.0478,204.9491,201.4493,202.3987,0
XAGIDR,20210311,376617.87,379401.19,68236.47,68236.47,0
XAGINR,20210311,1899.71,1917.32,1885.41,1892.55,0
XAGJPY,20210311,2834.86,2865.28,2816.39,2829.33,0
XAGKRW,20210311,29775.7,29913.92,29434.47,29509.38,0
XAGMXN,20210311,547.06,549.7,537.61,537.98,0
XAGRUB,20210311,1925.6,1943.2,1907.75,1913.94,0
XAGSAR,20210311,98.2,99.16,97.4,97.91,0
XAGTRY,20210311,196.4023,197.4303,194.719,195.2259,0
XAGUSD,20210311,26.166,26.428,25.93,26.086,0
XAGZAR,20210311,394.27,396.51,386.08,386.5,0
XAUARS,20210311,156647.1,157747.8,156305.7,156418.6,0
XAUAUD,20210311,2231.4,2239.3,2209.8,2211.5,0
XAUBRL,20210311,9795.1,9864.8,9531.7,9539.6,0
XAUCAD,20210311,2159.21,2159.21,2159.11,2159.14,0
XAUCHF,20210311,51367.12,51650.17,50939.02,50980.43,0
XAUCNY,20210311,11234.4,11294.5,11180.6,11189.9,0
XAUEUR,20210311,1447.74,1454.95,1436.21,1438.01,0
XAUGBP,20210311,1238.5,1246.1,1229.4,1230.7,0
XAUHKD,20210311,13400.13,13489.738,13356.137,13366.706,0
XAUIDR,20210311,4558614.5,4558614.5,4498710,4499200,0
XAUINR,20210311,125433.9,126243.3,124957,125051,0
XAUJPY,20210311,187173.8,188787.7,186804.1,187018.7,0
XAUMXN,20210311,36087.08,36223.27,35469.09,35514.17,0
XAURUB,20210311,127033.6,128099.36,126227.82,126347.24,0
XAUSAR,20210311,6476.7,6522.8,6457.1,6463.4,0
XAUTHB,20210311,52987,53154,52549,52612,0
XAUTRY,20210311,12952.27,13022.16,12857.15,12866.01,0
XAUUSD,20210311,1726.77,1739.19,1721.04,1723.1,0
XAUZAR,20210311,26032.8,26156.9,25508.9,25538.4,0
XCDGBP,20210311,0.2642,0.2651,0.263,0.2631,0
XPDEUR,20210311,1929.85,1973.84,1922.34,1950.87,0
XPDGBP,20210311,1652.45,1689.73,1646.15,1671.23,0
XPDUSD,20210311,2303.42,2365.83,2292.15,2341.49,0
XPFGBP,20210311,0.0071,0.0071,0.0071,0.0071,0
XPTEUR,20210311,1006.47,1024.73,997.1,1001.43,0
XPTGBP,20210311,861.42,877.63,854.17,857.66,0
XPTUSD,20210311,1200.76,1223.96,1191.67,1200.13,0
YERUSD,20210311,0.004,0.004,0.004,0.004,0
ZARAED,20210311,0.2433,0.2482,0.2429,0.2473,0
ZARARS,20210311,6.0051,6.1104,6.0051,6.1104,0
ZARAUD,20210311,0.0855,0.0868,0.0854,0.0865,0
ZARBRL,20210311,0.376,0.3797,0.3728,0.373,0
ZARBWP,20210311,0.7364,0.7442,0.7349,0.7406,0
ZARCAD,20210311,0.0835,0.0847,0.0835,0.0844,0
ZARCHF,20210311,0.0616,0.0625,0.0616,0.0623,0
ZARCNY,20210311,0.4295,0.4363,0.4295,0.4363,0
ZARCYP,20210311,0.0325,0.033,0.0325,0.0329,0
ZARDKK,20210311,0.4128,0.4192,0.4126,0.418,0
ZAREUR,20210311,0.0555,0.0564,0.0555,0.0562,0
ZARGBP,20210311,0.0475,0.0483,0.0475,0.0481,0
ZARHKD,20210311,0.5144,0.5245,0.5135,0.5227,0
ZARIDR,20210311,953.7,964.3,96.8,96.9,0
ZARINR,20210311,4.8219,4.9094,4.8188,4.8987,0
ZARJPY,20210311,7.178,7.325,7.166,7.31,0
ZARKES,20210311,7.157,7.343,7.157,7.343,0
ZARKRW,20210311,75.3654,76.2089,75.2968,76.1603,0
ZARMUR,20210311,2.5865,2.6718,2.58,2.6405,0
ZARMXN,20210311,1.3842,1.3961,1.3816,1.3885,0
ZARMYR,20210311,0.27,0.28,0.27,0.27,0
ZARNOK,20210311,0.5585,0.5681,0.5576,0.5666,0
ZARNZD,20210311,0.092,0.0935,0.0919,0.0932,0
ZAROMR,20210311,0.0255,0.026,0.0255,0.0259,0
ZARPHP,20210311,3.2168,3.276,3.2089,3.26,0
ZARPKR,20210311,10.39,10.61,10.386,10.589,0
ZARPLN,20210311,0.254,0.2584,0.2539,0.2574,0
ZARSEK,20210311,0.5615,0.5708,0.5608,0.5692,0
ZARSGD,20210311,0.0891,0.0906,0.089,0.0903,0
ZARTHB,20210311,2.034,2.0612,2.0241,2.0574,0
ZARTRY,20210311,0.4969,0.5064,0.4939,0.5036,0
ZARTWD,20210311,1.8497,1.8853,1.8497,1.8853,0
ZARUSD,20210311,0.0662,0.0676,0.0662,0.0673,0
