ADDA,20210311,51,106,46,101,0
ADDC,20210311,24,73,12,70,0
ADDE,20210311,481,1765,481,1765,0
ADDN,20210311,488,1151,488,851,0
ADDQ,20210311,1158,1819,1158,1791,0
ADDS,20210311,267,792,267,792,0
ADDT,20210311,1697,3020,1697,2743,0
ADDU,20210311,375,1150,349,1150,0
ADDV,20210311,50,163,50,163,0
ADDX,20210311,341,1028,341,1025,0
ADRA,20210311,2.45,3.4,1.68,3.24,0
ADRC,20210311,1.96,1.96,1.1,1.43,0
ADRE,20210311,4.22,8.65,3.81,6.65,0
ADRN,20210311,1.78,3.84,1.75,2.52,0
ADRQ,20210311,3.72,4.43,2.82,4.13,0
ADRS,20210311,3.32,3.32,2.02,2.46,0
ADRT,20210311,2.57,4.05,2.29,3.33,0
ADRU,20210311,1.87,1.87,1.25,1.5,0
ADRV,20210311,2.19,2.19,1.19,1.4,0
ADRX,20210311,2.87,2.87,1.67,1.92,0
ADVA,20210311,86,150,86,146,465514000
ADVC,20210311,49,236,49,231,87475900
ADVE,20210311,630,2077,630,2077,1187628000
ADVN,20210311,1106,1556,1106,1408,3193485000
ADVQ,20210311,1583,2366,1583,2362,4826151000
ADVS,20210311,382,1332,382,1332,366867900
ADVT,20210311,2775,4026,2775,3916,8485150000
ADVU,20210311,806,3429,806,3429,17088840000
ADVV,20210311,92,569,92,569,161828100
ADVX,20210311,523,2137,523,2132,616171900
ASHD,20210311,7,373,7,325,0
ASHF,20210311,42,1541,42,1483,0
ASHR,20210311,7,7,3.01,5.56,0
ASHU,20210311,49,1836,49,1808,0
AVDA,20210311,13.96,446.9,13.96,443.64,0
AVDC,20210311,2.17,46.52,-5.72,27.46,0
AVDE,20210311,-1.49,640.84,-1.49,626.06,0
AVDN,20210311,52.31,1597.97,52.31,1482.45,0
AVDQ,20210311,326.63,4219.54,326.63,4219.54,0
AVDS,20210311,4.22,227.49,4.22,227.23,0
AVDT,20210311,392.91,6213.35,392.91,6145.64,0
AVDV,20210311,-3.37,16.93,-46.86,16.93,0
AVDX,20210311,3.02,289.5,3.02,271.62,0
AVLD,20210311,1.07,449.22,1.07,321.41,0
AVLF,20210311,1.38,821.15,1.38,605.47,0
AVLR,20210311,2.28,3.92,1.38,2.88,0
AVLU,20210311,2.45,1226.99,2.45,926.89,0
AVRA,20210311,3.62,26.74,3.62,21.28,0
AVRC,20210311,3.56,3.56,0.91,1.45,0
AVRE,20210311,0.96,2.68,0.96,2.11,0
AVRN,20210311,1.65,2.81,1.52,1.86,0
AVRQ,20210311,7,10.15,4.74,7.95,0
AVRS,20210311,3.48,3.48,2.22,2.62,0
AVRT,20210311,3.82,4.91,2.93,3.62,0
AVRU,20210311,1.2,1.2,0.51,0.66,0
AVRV,20210311,0.39,1.11,0.39,1.11,0
AVRX,20210311,1.37,1.83,1.17,1.78,0
AVVA,20210311,19.27,465.82,19.27,465.51,0
AVVC,20210311,3.02,110.6,3.02,87.47,0
AVVE,20210311,38.26,1189.29,38.26,1187.62,0
AVVN,20210311,131.68,3366.09,131.68,3193.48,0
AVVQ,20210311,381.03,4826.15,381.03,4826.15,0
AVVS,20210311,5.93,367.66,5.93,366.86,0
AVVT,20210311,531.99,8621.95,531.99,8485.15,0
AVVU,20210311,424.1,18069.55,424.1,17088.83,0
AVVV,20210311,2.17,163.89,2.17,161.82,0
AVVX,20210311,11.12,637.8,11.12,616.17,0
BANK,20210311,4704.79,4771.65,4697.86,4763.21,0
BCMA,20210311,2337,3421,2337,3292,0
BCMC,20210311,100.99,101.67,100.84,101.67,0
BCMD,20210311,964,1295,864,1046,0
BCME,20210311,279,459,279,459,0
BCMF,20210311,72,215,72,184,0
BCMG,20210311,25,42,23,23,0
BCMM,20210311,101.16,102.48,100.99,102.48,0
BCMU,20210311,69,73,32,63,0
BDMA,20210311,2411,3135,2411,3134,0
BDMC,20210311,100.44,100.6,100.44,100.56,0
BDMD,20210311,916,1195,916,1195,0
BDME,20210311,219,382,219,382,0
BDMF,20210311,146,252,146,252,0
BDMG,20210311,10,28,10,28,0
BDMM,20210311,101.5,101.5,101.42,101.43,0
BDMU,20210311,43,72,43,72,0
BFMA,20210311,608,815,608,815,0
BFMC,20210311,97.41,97.61,97.41,97.58,0
BFMD,20210311,2739,3540,2739,3539,0
BFME,20210311,92,151,92,151,0
BFMF,20210311,278,492,278,492,0
BFMG,20210311,4,15,4,15,0
BFMM,20210311,96.82,96.88,96.78,96.87,0
BFMU,20210311,23,47,23,47,0
BGMA,20210311,1575,1997,1575,1997,0
BGMC,20210311,100.87,100.87,100.6,100.61,0
BGMD,20210311,1758,2348,1758,2347,0
BGME,20210311,189,332,189,332,0
BGMF,20210311,173,297,173,297,0
BGMG,20210311,9,23,9,23,0
BGMM,20210311,100.23,100.23,100.12,100.15,0
BGMU,20210311,37,57,37,57,0
BKX,20210311,120.64,122.32,119.73,121.24,0
BWH,20210311,241.22,242.51,236.22,237.52,0
CASH,20210311,1,1,1,1,0
COMP,20210311,13271.28,13433.62,13246.33,13398.67,0
CPC,20210311,0.74,0.74,0.74,0.74,0
CPCI,20210311,1.29,1.29,1.29,1.29,0
CPCS,20210311,0.44,0.44,0.44,0.44,0
CPR,20210311,4.0355,4.15,4.0095,4.139,74705
CYM,20210311,23.26,23.46,23.25,23.36,0
DCFD,20210311,86.15,93.84,84.61,84.61,0
DCFI,20210311,76.92,83.07,76.92,76.92,0
DCOF,20210311,70.76,73.84,66.15,67.69,0
DCOH,20210311,75.38,78.46,73.84,73.84,0
DCSE,20210311,54750.8,55575.89,54361.15,55271.82,0
DCTH,20210311,81.53,83.07,81.53,81.53,0
DCTW,20210311,86.15,90.76,86.15,89.23,0
DECA,20210311,35,67,35,45,21868400
DECC,20210311,25,178,25,161,60014600
DECE,20210311,149,315,149,312,561563200
DECN,20210311,618,679,405,557,1711026000
DECQ,20210311,425,766,425,571,606608100
DECS,20210311,115,541,115,540,139636700
DECT,20210311,1078,1439,990,1173,2339502000
DECU,20210311,431,2378,431,2279,25836630000
DECV,20210311,42,427,42,406,144892700
DECX,20210311,182,1136,182,1107,344543900
DIFD,20210311,86.66,96.66,86.66,90,0
DIFI,20210311,66.66,70,66.66,70,0
DIOF,20210311,73.33,76.66,66.66,66.66,0
DIOH,20210311,70,76.66,70,70,0
DITH,20210311,76.66,80,76.66,76.66,0
DITW,20210311,80,86.66,80,83.33,0
DIVQ,20210311,4026.15,4083.6,4023.27,4051.14,0
DJC,20210311,10696.68,10798.98,10690.26,10747.71,559829800
DJEC,20210311,2278.92,2335.91,2274.98,2327.06,0
DJI,20210311,32354.5,32661.59,32346.99,32485.59,402404300
DJT,20210311,13883.5,14061.52,13866.89,14022.72,107875800
DJU,20210311,836.76,844.24,833.95,834.27,49549700
DJWO,20210311,512.65,520.63,512.43,518.91,0
DLTC,20210311,3286.66,3335.13,3283.66,3317.56,0
DOWE,20210311,1863.91,1869.02,1853,1863.08,0
DRCI,20210311,280.71,284.68,280.39,282.99,0
DREI,20210311,388.42,394.13,388.05,391.67,0
DSAE,20210311,1413.38,1440.72,1411.1,1425.39,51609800
DSAF,20210311,1401.01,1435.62,1401.01,1427.11,7640200
DSAG,20210311,248.97,250.49,247.93,248.78,38006000
DSAI,20210311,939.67,955.49,939.67,949.24,18760900
DSAL,20210311,110,112.29,108.26,109.86,6254900
DSAM,20210311,2441.12,2482.92,2441.12,2475.45,41729300
DSAP,20210311,1070.74,1073.22,1046.68,1070.04,120294600
DSAR,20210311,232.74,235.98,230.17,231.81,88454500
DSAS,20210311,1509.75,1549.07,1509.75,1529.51,44861300
DSAT,20210311,629.11,636.29,626.51,631.73,6412400
DSAU,20210311,903.19,904.99,879.84,901.97,113882200
DSAV,20210311,797.38,803.1,785.01,799.66,16735700
DSBC,20210311,2139.86,2166.68,2134.42,2145.71,123326300
DSBD,20210311,1433.14,1447.71,1432,1439.5,21668800
DSBE,20210311,179.15,182.08,178.21,181.43,1345300
DSBK,20210311,537.92,545.34,534.47,539.67,195167300
DSBM,20210311,501.69,506.82,501.69,503.3,88591800
DSBS,20210311,260.97,264.99,260.86,264.91,45291400
DSBT,20210311,2525.76,2570.37,2525.76,2558.24,87294100
DSBV,20210311,830.97,833.41,826.12,826.93,34574600
DSCA,20210311,1011.92,1050.73,1002.37,1034.31,40713400
DSCC,20210311,623.24,630.33,623.24,624.08,11541000
DSCF,20210311,383.53,384.96,380.44,383.45,24219600
DSCG,20210311,1467.11,1485.83,1462.51,1468.82,258126000
DSCH,20210311,803.84,812.01,803.71,804.04,43300300
DSCM,20210311,698.84,704.39,697.94,699.89,15261100
DSCN,20210311,1094.55,1106.51,1093.67,1099.55,25164300
DSCP,20210311,494.82,494.82,485.73,487.43,25049100
DSCR,20210311,6202.67,6239.32,6155.2,6188.26,146781300
DSCS,20210311,2111.97,2146.42,2110.26,2141.34,10959700
DSCT,20210311,1377.52,1393.05,1373.32,1384.55,52046900
DSCX,20210311,1194.59,1205.41,1192.37,1193.51,31759200
DSCY,20210311,1511.94,1534.07,1511.94,1527.04,530710800
DSDB,20210311,831.3,838.88,817.06,830.86,2937200
DSDN,20210311,427.59,431.73,425.12,428.36,6748500
DSDR,20210311,791.53,793.61,785.31,788.88,31670600
DSDS,20210311,441.56,443.58,439.65,440.53,4346500
DSDT,20210311,63.11,63.64,62.76,63.17,2797600
DSDV,20210311,174.3,176.53,174.3,175.52,18246500
DSEC,20210311,491.32,498.74,491.32,496.52,19039200
DSEE,20210311,619.21,629.17,619.21,625.63,37800200
DSEH,20210311,76.94,78,76.14,77.17,152500
DSEN,20210311,437.52,445.24,436.98,438.15,228165200
DSES,20210311,292.02,297.03,289.76,294.68,2144000
DSEU,20210311,292.89,295.9,292.2,292.26,106736200
DSFA,20210311,865.35,886.01,865.35,879.48,47228100
DSFB,20210311,687.22,690.5,684.22,685.8,86353800
DSFC,20210311,136.17,136.58,134.31,134.49,36466800
DSFD,20210311,588.32,588.32,581.96,584.67,20759400
DSFE,20210311,869.73,880.95,866.52,870.03,22797300
DSFH,20210311,461.09,466.65,458.57,460.62,3485500
DSFI,20210311,1510.08,1526.06,1506.25,1518.54,150775200
DSFN,20210311,740.89,748.32,738.41,743.71,563521800
DSFO,20210311,431.82,435.03,429.97,432.41,51779200
DSFP,20210311,597.46,601.93,594.92,598.3,51779200
DSFT,20210311,2514.01,2565.48,2502.71,2550.26,7368500
DSFV,20210311,859.95,869.8,856.47,863.89,0
DSGF,20210311,1692.6,1710.52,1688.31,1702.09,150775200
DSGI,20210311,540.9,540.94,533.29,535.61,338369500
DSGT,20210311,2237.65,2255.09,2230.66,2247.03,93883400
DSGU,20210311,266.61,267.69,264.56,265.26,7339600
DSHB,20210311,1362.04,1380.85,1343.65,1352.72,10601400
DSHC,20210311,1259.06,1274.91,1259.06,1269.48,250114400
DSHD,20210311,314.79,318.78,314.15,315.15,4021900
DSHG,20210311,872.96,876.6,869.91,870.11,28312600
DSHI,20210311,588.79,594.46,587.56,589.81,10387000
DSHL,20210311,85.87,88.47,84.99,87.84,9186100
DSHN,20210311,1015.35,1019.27,1011.68,1012.12,10203600
DSHP,20210311,2565.76,2602.26,2565.76,2588,36045600
DSHR,20210311,3353.49,3401.34,3345.7,3361.59,22376200
DSHV,20210311,670.4,682.7,668.88,674.24,3495400
DSIB,20210311,448.67,451.07,445.89,449.73,5897800
DSID,20210311,571.15,571.51,563.83,566.58,313320400
DSIF,20210311,45.75,46.45,45.7,46.03,6324900
DSIG,20210311,1064.65,1078.34,1064.65,1072.05,580247000
DSIL,20210311,854.75,866.79,851.78,857.97,20122200
DSIM,20210311,325.71,333.98,325.71,333.4,38414700
DSIN,20210311,1000.96,1013.59,1000.96,1007.72,605411300
DSIO,20210311,111.86,113.63,111.69,112.82,22911800
DSIP,20210311,993.84,1001.27,989.45,996.74,21596900
DSIQ,20210311,2912.18,2951.79,2903.9,2916.27,45173500
DSIR,20210311,752.51,756.19,747.89,750.26,60713300
DSIS,20210311,873.11,890.97,873.11,885.69,83980000
DSIT,20210311,1500.26,1525.85,1500.26,1517.12,23313700
DSIU,20210311,332.99,333.68,328.47,329.07,6771300
DSIV,20210311,919.72,940.46,919.72,936.05,26976100
DSIX,20210311,722.99,725.77,718.1,720.05,40591000
DSLE,20210311,926.1,935.75,923.91,931.78,37765800
DSLG,20210311,2487.17,2527.25,2464.15,2499.75,6598700
DSLW,20210311,1452.39,1468.21,1452.39,1463.6,0
DSMC,20210311,2044.51,2076.07,2044.51,2068.43,85301200
DSME,20210311,1430.68,1446.88,1425.9,1434.82,147030600
DSMF,20210311,8.27,8.38,8.24,8.35,26952400
DSMG,20210311,121.01,121.03,119.39,120.91,6876700
DSMR,20210311,43.38,43.65,43.03,43.39,30607100
DSMS,20210311,1273.33,1283.95,1269.44,1283.54,7526100
DSMT,20210311,220.72,224.36,218.9,222.23,325600
DSMU,20210311,211.44,214.99,211.24,212.11,16171800
DSNC,20210311,882.03,885.26,876.64,881.98,331819200
DSNF,20210311,479.03,501.23,479.03,501.23,25562000
DSNG,20210311,966.09,972.72,964.11,967.19,125170600
DSNS,20210311,2948.53,3026.15,2948.53,3009.55,113266800
DSOG,20210311,497.13,506.76,496.88,499.1,151894800
DSOI,20210311,190.69,194.04,187.5,187.88,43879600
DSOL,20210311,456.19,462.74,454.7,455.33,57713800
DSOQ,20210311,273.69,275.89,269.83,270.09,73880900
DSOS,20210311,580.69,596.16,580.69,587.33,94181000
DSPB,20210311,572.54,577.28,568.99,575.84,6968500
DSPC,20210311,359.3,359.3,355.65,357.51,4083900
DSPG,20210311,832.2,840.55,829.93,837.31,46849300
DSPL,20210311,552.62,552.73,545.7,546.16,30001300
DSPM,20210311,130.41,130.44,128.67,130.31,6876700
DSPN,20210311,927.17,936.86,927.17,931.51,164813200
DSPR,20210311,653.24,656.29,651.7,651.9,77519100
DSRA,20210311,1170.35,1186.2,1166.5,1172.99,22301300
DSRB,20210311,3153.51,3174.21,3133.18,3158.72,21898700
DSRD,20210311,833.59,844.44,830.71,838.56,10911200
DSRE,20210311,345.98,351.35,345.66,349.06,156865800
DSRH,20210311,621.91,631.87,617.53,627.34,2296600
DSRI,20210311,140.74,142.93,140.63,141.99,154569200
DSRL,20210311,85.04,86.41,84.49,85.51,18339600
DSRN,20210311,227.4,230.68,226.95,229.37,20137800
DSRP,20210311,599.23,615.33,599.23,614.3,2406100
DSRQ,20210311,110.26,111.84,108.44,110.61,61822500
DSRR,20210311,3091.74,3135.09,3091.74,3107.62,7801200
DSRS,20210311,2522.92,2571.08,2522.01,2554.37,28336500
DSRT,20210311,1947.2,1960.45,1940.49,1954,125554100
DSRU,20210311,2267.18,2278.76,2254.09,2254.61,20447400
DSSB,20210311,1719.38,1740.3,1711.42,1731.97,30127700
DSSC,20210311,6536.33,6648.03,6504.46,6609.39,194767600
DSSD,20210311,753.87,755.66,748.48,749.17,30368900
DSSF,20210311,491.01,497.66,489.68,494.05,42503800
DSSP,20210311,428.52,433.58,427.35,431.79,13185100
DSSR,20210311,238.29,242.75,238.29,240.73,50589000
DSST,20210311,288.79,292.1,287.06,288.72,6597800
DSSV,20210311,4265.2,4357.58,4265.2,4335.75,326093600
DSSW,20210311,4458.59,4548.74,4458.59,4522.89,194580200
DSTB,20210311,672.82,677.23,667.53,669.99,12242800
DSTC,20210311,3554.8,3611.53,3553.53,3594.69,719689400
DSTK,20210311,1232.95,1246.26,1223.36,1244.95,4483600
DSTL,20210311,173.19,173.19,169.5,169.66,75830800
DSTP,20210311,971.44,980.47,970.59,975.51,0
DSTQ,20210311,3222.97,3250.15,3205.13,3236.39,393595800
DSTS,20210311,292.13,304.32,292.13,303.09,3063000
DSTT,20210311,929.76,951.69,929.76,934.9,40089100
DSTY,20210311,1355.96,1366.45,1350.5,1359.3,35359600
DSUO,20210311,301,304.49,300.6,301.19,26400200
DSUT,20210311,305.1,308.34,304.58,304.66,133136500
DSVE,20210311,293.25,296.26,292.56,292.61,106736200
DSVN,20210311,507.12,512.84,505.79,509.7,1268400
DSWC,20210311,407.81,407.81,397.7,397.98,39363900
DSWU,20210311,2892.95,2911.12,2862.89,2881.44,2888600
DTCI,20210311,1813.89,1843.4,1813.89,1832.53,0
DTEI,20210311,2188.92,2225.52,2188.92,2211.67,0
DTFD,20210311,75,95,75,85,0
DTFI,20210311,100,100,100,100,0
DTFX,20210311,129.18,129.81,129.08,129.73,0
DTOF,20210311,100,100,95,100,0
DTOH,20210311,95,95,95,95,0
DTTH,20210311,100,100,100,100,0
DTTW,20210311,100,100,100,100,0
DTWC,20210311,25026.19,25297.7,25026.19,25177.79,0
DTWI,20210311,75003.95,75849.34,75003.95,75441.86,0
DTWT,20210311,22775.37,23089.26,22770.43,23026.3,0
DTWU,20210311,3837.62,3870.54,3823.5,3824.86,0
DUBS,20210311,85.59,86.28,85.58,86.27,0
DUFD,20210311,100,100,73.33,73.33,0
DUFI,20210311,66.66,86.66,60,60,0
DUOF,20210311,26.66,33.33,26.66,26.66,0
DUOH,20210311,60,66.66,53.33,53.33,0
DUSL,20210311,854.22,861.93,853.07,857.31,0
DUSM,20210311,1463.8,1478.81,1463.8,1472.88,0
DUSS,20210311,1436.15,1454.46,1436.15,1451.09,0
DUTH,20210311,66.66,66.66,66.66,66.66,0
DUTW,20210311,80,86.66,80,86.66,0
DVCA,20210311,5.31,30.09,5.31,21.86,0
DVCC,20210311,0.84,70.54,0.84,60.01,0
DVCE,20210311,39.75,561.56,39.75,561.56,0
DVCN,20210311,79.37,1768.12,79.37,1711.02,0
DVCQ,20210311,54.39,616.88,54.39,606.6,0
DVCS,20210311,1.7,140.17,1.7,139.63,0
DVCT,20210311,139.08,2408.6,139.08,2339.5,0
DVCU,20210311,353.08,29262.63,353.08,25836.62,0
DVCV,20210311,5.55,155.82,5.55,144.89,0
DVCX,20210311,8.1,348.29,8.1,344.54,0
DWCB,20210311,6426.45,6504.03,6376.6,6446.32,0
ESFD,20210311,81.69,90.5,79.32,79.32,0
ESFI,20210311,73.22,76.27,72.54,72.54,0
ESOF,20210311,76.61,78.3,74.91,74.91,0
ESOH,20210311,78.98,80,78.3,78.3,0
ESTH,20210311,83.72,85.42,83.38,84.06,0
ESTW,20210311,75.93,82.37,75.93,78.3,0
FBV,20210311,25.13,25.16,25.09,25.13,0
GLD,20210311,1726.44,1739.19,1721.04,1722.2,295487
GMI,20210311,32.63,33.16,32.62,33.09,0
GNX,20210311,485.65,493.71,485.65,493.41,0
HGX,20210311,450.04,451.6,446.55,447.74,0
HIGA,20210311,9,9,9,9,0
HIGC,20210311,1,1,1,1,0
HIGD,20210311,0.01,0.01,0.01,0.01,0
HIGE,20210311,553,553,553,553,0
HIGN,20210311,281,281,281,281,0
HIGQ,20210311,265,265,265,265,0
HIGS,20210311,55,55,55,55,0
HIGU,20210311,292,292,292,292,0
HIGV,20210311,8,8,8,8,0
HUI,20210311,266.95,271.49,265.42,270.04,0
HVX,20210311,130.92,131.68,130.73,131.66,0
IDX,20210311,2593.98,2627.47,2593.98,2621.12,449652100
INDS,20210311,10605.25,10706.6,10562.24,10684.43,0
INSR,20210311,10751.56,10785.51,10703.81,10783.89,0
IQX,20210311,5652.67,5724.98,5652.67,5690.86,0
IQZ,20210311,15188.85,15369.7,15188.85,15345.59,0
IVX,20210311,1384.71,1395.54,1381.7,1385.45,0
IXB,20210311,828.39,833.91,826.78,827.44,0
IXCO,20210311,9014.38,9149.34,9005.5,9108.84,0
IXE,20210311,554.68,563.85,553.46,554.56,0
IXF,20210311,5869.64,5938.55,5859.94,5926.89,0
IXHC,20210311,1204.06,1224.76,1202.61,1224.08,0
IXI,20210311,957.82,967.8,954.4,959.8,0
IXM,20210311,422.59,425.98,419.64,422.62,0
IXR,20210311,661.63,664.05,659.16,659.8,0
IXTC,20210311,492.11,496.95,489.28,491.31,0
IXU,20210311,621.32,627.86,619.81,619.92,0
IXV,20210311,1148.37,1159.89,1148.37,1153.73,0
IXY,20210311,1666.03,1684.08,1665.72,1677.42,0
JX,20210311,976.91,981.34,971.53,981.34,103332200
KDX,20210311,113.05,113.75,112.62,113.51,0
KIX,20210311,322.93,326.2,322.09,324.26,0
KLX,20210311,52.6,54.54,52.6,54.54,0
KPX,20210311,840.8,846.93,838.77,843.82,0
KRX,20210311,126.81,128.99,126.65,128.83,0
KSX,20210311,530.9,535.86,528.44,533.37,0
KYX,20210311,59.51,59.97,59.22,59.59,0
LOWA,20210311,0.01,0.01,0.01,0.01,0
LOWC,20210311,3,3,3,3,0
LOWD,20210311,0.01,0.01,0.01,0.01,0
LOWE,20210311,36,36,36,36,0
LOWN,20210311,0.01,0.01,0.01,0.01,0
LOWQ,20210311,0.01,0.01,0.01,0.01,0
LOWS,20210311,0.01,0.01,0.01,0.01,0
LOWU,20210311,33,33,33,33,0
LOWV,20210311,3,3,3,3,0
M1DA,20210311,12,12,12,12,19100
M1DB,20210311,10,10,10,10,2800
M1DC,20210311,539,539,539,539,199900
M1DE,20210311,577,577,577,577,206900
M1DF,20210311,15,15,15,15,5800
M1DG,20210311,231,231,231,231,99500
M1DH,20210311,862,862,862,862,454800
M1DI,20210311,26,26,26,26,7300
M1DJ,20210311,11,11,11,11,2800
M1DK,20210311,16,16,16,16,7600
M1DL,20210311,104,104,104,104,314500
M1DM,20210311,6,6,6,6,3200
M1DN,20210311,524,524,524,524,197800
M1DO,20210311,30,30,30,30,10000
M1DP,20210311,126,126,126,126,49800
M1DQ,20210311,430,430,430,430,295800
M1DR,20210311,9,9,9,9,3000
M1DS,20210311,1,1,1,1,6200
M1DT,20210311,11,11,11,11,2300
M1DU,20210311,200,200,200,200,312100
M1DV,20210311,766,766,766,766,457200
M1DW,20210311,9,9,9,9,2600
M1DX,20210311,966,966,966,966,512700
M1DY,20210311,12,12,12,12,6100
M1DZ,20210311,755,755,755,755,281000
M1HA,20210311,14,14,14,14,19100
M1HB,20210311,10,10,10,10,2800
M1HC,20210311,556,556,556,556,199900
M1HE,20210311,638,638,638,638,206900
M1HF,20210311,15,15,15,15,5800
M1HG,20210311,233,233,233,233,99500
M1HH,20210311,889,889,889,889,454800
M1HI,20210311,26,26,26,26,7300
M1HJ,20210311,11,11,11,11,2800
M1HK,20210311,16,16,16,16,7600
M1HL,20210311,125,125,125,125,314500
M1HM,20210311,6,6,6,6,3200
M1HN,20210311,539,539,539,539,197800
M1HO,20210311,31,31,31,31,10000
M1HP,20210311,128,128,128,128,49800
M1HQ,20210311,461,461,461,461,295800
M1HR,20210311,9,9,9,9,3000
M1HS,20210311,3,3,3,3,6200
M1HT,20210311,11,11,11,11,2300
M1HU,20210311,210,210,210,210,312100
M1HV,20210311,804,804,804,804,457200
M1HW,20210311,9,9,9,9,2600
M1HX,20210311,1014,1014,1014,1014,512700
M1HY,20210311,12,12,12,12,6100
M1HZ,20210311,771,771,771,771,281000
M1LA,20210311,2,2,2,2,19100
M1LB,20210311,0.01,0.01,0.01,0.01,2800
M1LC,20210311,17,17,17,17,199900
M1LE,20210311,61,61,61,61,206900
M1LF,20210311,0.01,0.01,0.01,0.01,5800
M1LG,20210311,2,2,2,2,99500
M1LH,20210311,27,27,27,27,454800
M1LI,20210311,0.01,0.01,0.01,0.01,7300
M1LJ,20210311,0.01,0.01,0.01,0.01,2800
M1LK,20210311,0.01,0.01,0.01,0.01,7600
M1LL,20210311,21,21,21,21,314500
M1LM,20210311,0.01,0.01,0.01,0.01,3200
M1LN,20210311,15,15,15,15,197800
M1LO,20210311,1,1,1,1,10000
M1LP,20210311,2,2,2,2,49800
M1LQ,20210311,31,31,31,31,295800
M1LR,20210311,0.01,0.01,0.01,0.01,3000
M1LS,20210311,2,2,2,2,6200
M1LT,20210311,0.01,0.01,0.01,0.01,2300
M1LU,20210311,10,10,10,10,312100
M1LV,20210311,38,38,38,38,457200
M1LW,20210311,0.01,0.01,0.01,0.01,2600
M1LX,20210311,48,48,48,48,512700
M1LY,20210311,0.01,0.01,0.01,0.01,6100
M1LZ,20210311,16,16,16,16,281000
M3DA,20210311,12,12,12,12,19100
M3DB,20210311,7,7,7,7,2800
M3DC,20210311,461,461,461,461,199900
M3DE,20210311,530,530,530,530,206900
M3DF,20210311,14,14,14,14,5800
M3DG,20210311,165,165,165,165,99500
M3DH,20210311,702,702,702,702,454800
M3DI,20210311,16,16,16,16,7300
M3DJ,20210311,2,2,2,2,2800
M3DK,20210311,8,8,8,8,7600
M3DL,20210311,84,84,84,84,314500
M3DM,20210311,3,3,3,3,3200
M3DN,20210311,429,429,429,429,197800
M3DO,20210311,19,19,19,19,10000
M3DP,20210311,85,85,85,85,49800
M3DQ,20210311,345,345,345,345,295800
M3DR,20210311,8,8,8,8,3000
M3DS,20210311,0.01,0.01,0.01,0.01,6200
M3DT,20210311,11,11,11,11,2300
M3DU,20210311,154,154,154,154,312100
M3DV,20210311,632,632,632,632,457200
M3DW,20210311,7,7,7,7,2600
M3DX,20210311,786,786,786,786,512700
M3DY,20210311,9,9,9,9,6100
M3DZ,20210311,614,614,614,614,281000
M3HA,20210311,12,12,12,12,19100
M3HB,20210311,7,7,7,7,2800
M3HC,20210311,468,468,468,468,199900
M3HE,20210311,581,581,581,581,206900
M3HF,20210311,14,14,14,14,5800
M3HG,20210311,166,166,166,166,99500
M3HH,20210311,710,710,710,710,454800
M3HI,20210311,16,16,16,16,7300
M3HJ,20210311,2,2,2,2,2800
M3HK,20210311,8,8,8,8,7600
M3HL,20210311,93,93,93,93,314500
M3HM,20210311,3,3,3,3,3200
M3HN,20210311,435,435,435,435,197800
M3HO,20210311,19,19,19,19,10000
M3HP,20210311,86,86,86,86,49800
M3HQ,20210311,356,356,356,356,295800
M3HR,20210311,8,8,8,8,3000
M3HS,20210311,1,1,1,1,6200
M3HT,20210311,11,11,11,11,2300
M3HU,20210311,157,157,157,157,312100
M3HV,20210311,646,646,646,646,457200
M3HW,20210311,7,7,7,7,2600
M3HX,20210311,803,803,803,803,512700
M3HY,20210311,9,9,9,9,6100
M3HZ,20210311,620,620,620,620,281000
M3LA,20210311,0.01,0.01,0.01,0.01,19100
M3LB,20210311,0.01,0.01,0.01,0.01,2800
M3LC,20210311,7,7,7,7,199900
M3LE,20210311,51,51,51,51,206900
M3LF,20210311,0.01,0.01,0.01,0.01,5800
M3LG,20210311,1,1,1,1,99500
M3LH,20210311,8,8,8,8,454800
M3LI,20210311,0.01,0.01,0.01,0.01,7300
M3LJ,20210311,0.01,0.01,0.01,0.01,2800
M3LK,20210311,0.01,0.01,0.01,0.01,7600
M3LL,20210311,9,9,9,9,314500
M3LM,20210311,0.01,0.01,0.01,0.01,3200
M3LN,20210311,6,6,6,6,197800
M3LO,20210311,0.01,0.01,0.01,0.01,10000
M3LP,20210311,1,1,1,1,49800
M3LQ,20210311,11,11,11,11,295800
M3LR,20210311,0.01,0.01,0.01,0.01,3000
M3LS,20210311,1,1,1,1,6200
M3LT,20210311,0.01,0.01,0.01,0.01,2300
M3LU,20210311,3,3,3,3,312100
M3LV,20210311,14,14,14,14,457200
M3LW,20210311,0.01,0.01,0.01,0.01,2600
M3LX,20210311,17,17,17,17,512700
M3LY,20210311,0.01,0.01,0.01,0.01,6100
M3LZ,20210311,6,6,6,6,281000
M5DA,20210311,92,92,92,92,19100
M5DB,20210311,16,16,16,16,2800
M5DC,20210311,1108,1108,1108,1108,199900
M5DE,20210311,1600,1600,1600,1600,206900
M5DF,20210311,14,14,14,14,5800
M5DG,20210311,524,524,524,524,99500
M5DH,20210311,2004,2004,2004,2004,454800
M5DI,20210311,37,37,37,37,7300
M5DJ,20210311,17,17,17,17,2800
M5DK,20210311,56,56,56,56,7600
M5DL,20210311,748,748,748,748,314500
M5DM,20210311,12,12,12,12,3200
M5DN,20210311,1055,1055,1055,1055,197800
M5DO,20210311,54,54,54,54,10000
M5DP,20210311,239,239,239,239,49800
M5DQ,20210311,1605,1605,1605,1605,295800
M5DR,20210311,22,22,22,22,3000
M5DS,20210311,16,16,16,16,6200
M5DT,20210311,12,12,12,12,2300
M5DU,20210311,453,453,453,453,312100
M5DV,20210311,2299,2299,2299,2299,457200
M5DW,20210311,11,11,11,11,2600
M5DX,20210311,2752,2752,2752,2752,512700
M5DY,20210311,26,26,26,26,6100
M5DZ,20210311,1551,1551,1551,1551,281000
M5HA,20210311,98,98,98,98,19100
M5HB,20210311,16,16,16,16,2800
M5HC,20210311,1147,1147,1147,1147,199900
M5HE,20210311,1705,1705,1705,1705,206900
M5HF,20210311,15,15,15,15,5800
M5HG,20210311,532,532,532,532,99500
M5HH,20210311,2073,2073,2073,2073,454800
M5HI,20210311,38,38,38,38,7300
M5HJ,20210311,17,17,17,17,2800
M5HK,20210311,57,57,57,57,7600
M5HL,20210311,786,786,786,786,314500
M5HM,20210311,12,12,12,12,3200
M5HN,20210311,1095,1095,1095,1095,197800
M5HO,20210311,58,58,58,58,10000
M5HP,20210311,245,245,245,245,49800
M5HQ,20210311,1666,1666,1666,1666,295800
M5HR,20210311,22,22,22,22,3000
M5HS,20210311,19,19,19,19,6200
M5HT,20210311,12,12,12,12,2300
M5HU,20210311,487,487,487,487,312100
M5HV,20210311,2372,2372,2372,2372,457200
M5HW,20210311,11,11,11,11,2600
M5HX,20210311,2859,2859,2859,2859,512700
M5HY,20210311,26,26,26,26,6100
M5HZ,20210311,1591,1591,1591,1591,281000
M5LA,20210311,6,6,6,6,19100
M5LB,20210311,0.01,0.01,0.01,0.01,2800
M5LC,20210311,39,39,39,39,199900
M5LE,20210311,105,105,105,105,206900
M5LF,20210311,1,1,1,1,5800
M5LG,20210311,8,8,8,8,99500
M5LH,20210311,69,69,69,69,454800
M5LI,20210311,1,1,1,1,7300
M5LJ,20210311,0.01,0.01,0.01,0.01,2800
M5LK,20210311,1,1,1,1,7600
M5LL,20210311,38,38,38,38,314500
M5LM,20210311,0.01,0.01,0.01,0.01,3200
M5LN,20210311,40,40,40,40,197800
M5LO,20210311,4,4,4,4,10000
M5LP,20210311,6,6,6,6,49800
M5LQ,20210311,61,61,61,61,295800
M5LR,20210311,0.01,0.01,0.01,0.01,3000
M5LS,20210311,3,3,3,3,6200
M5LT,20210311,0.01,0.01,0.01,0.01,2300
M5LU,20210311,34,34,34,34,312100
M5LV,20210311,73,73,73,73,457200
M5LW,20210311,0.01,0.01,0.01,0.01,2600
M5LX,20210311,107,107,107,107,512700
M5LY,20210311,0.01,0.01,0.01,0.01,6100
M5LZ,20210311,40,40,40,40,281000
M6DA,20210311,12,12,12,12,19100
M6DB,20210311,7,7,7,7,2800
M6DC,20210311,446,446,446,446,199900
M6DE,20210311,516,516,516,516,206900
M6DF,20210311,14,14,14,14,5800
M6DG,20210311,157,157,157,157,99500
M6DH,20210311,682,682,682,682,454800
M6DI,20210311,14,14,14,14,7300
M6DJ,20210311,0.01,0.01,0.01,0.01,2800
M6DK,20210311,8,8,8,8,7600
M6DL,20210311,81,81,81,81,314500
M6DM,20210311,3,3,3,3,3200
M6DN,20210311,415,415,415,415,197800
M6DO,20210311,19,19,19,19,10000
M6DP,20210311,79,79,79,79,49800
M6DQ,20210311,336,336,336,336,295800
M6DR,20210311,7,7,7,7,3000
M6DS,20210311,1,1,1,1,6200
M6DT,20210311,10,10,10,10,2300
M6DU,20210311,150,150,150,150,312100
M6DV,20210311,613,613,613,613,457200
M6DW,20210311,6,6,6,6,2600
M6DX,20210311,763,763,763,763,512700
M6DY,20210311,9,9,9,9,6100
M6DZ,20210311,591,591,591,591,281000
M6HA,20210311,12,12,12,12,19100
M6HB,20210311,7,7,7,7,2800
M6HC,20210311,448,448,448,448,199900
M6HE,20210311,563,563,563,563,206900
M6HF,20210311,14,14,14,14,5800
M6HG,20210311,157,157,157,157,99500
M6HH,20210311,682,682,682,682,454800
M6HI,20210311,14,14,14,14,7300
M6HJ,20210311,0.01,0.01,0.01,0.01,2800
M6HK,20210311,8,8,8,8,7600
M6HL,20210311,84,84,84,84,314500
M6HM,20210311,3,3,3,3,3200
M6HN,20210311,417,417,417,417,197800
M6HO,20210311,19,19,19,19,10000
M6HP,20210311,79,79,79,79,49800
M6HQ,20210311,337,337,337,337,295800
M6HR,20210311,7,7,7,7,3000
M6HS,20210311,1,1,1,1,6200
M6HT,20210311,10,10,10,10,2300
M6HU,20210311,151,151,151,151,312100
M6HV,20210311,615,615,615,615,457200
M6HW,20210311,6,6,6,6,2600
M6HX,20210311,766,766,766,766,512700
M6HY,20210311,9,9,9,9,6100
M6HZ,20210311,592,592,592,592,281000
M6LA,20210311,0.01,0.01,0.01,0.01,19100
M6LB,20210311,0.01,0.01,0.01,0.01,2800
M6LC,20210311,2,2,2,2,199900
M6LE,20210311,47,47,47,47,206900
M6LF,20210311,0.01,0.01,0.01,0.01,5800
M6LG,20210311,0.01,0.01,0.01,0.01,99500
M6LH,20210311,0.01,0.01,0.01,0.01,454800
M6LI,20210311,0.01,0.01,0.01,0.01,7300
M6LJ,20210311,0.01,0.01,0.01,0.01,2800
M6LK,20210311,0.01,0.01,0.01,0.01,7600
M6LL,20210311,3,3,3,3,314500
M6LM,20210311,0.01,0.01,0.01,0.01,3200
M6LN,20210311,2,2,2,2,197800
M6LO,20210311,0.01,0.01,0.01,0.01,10000
M6LP,20210311,0.01,0.01,0.01,0.01,49800
M6LQ,20210311,1,1,1,1,295800
M6LR,20210311,0.01,0.01,0.01,0.01,3000
M6LS,20210311,0.01,0.01,0.01,0.01,6200
M6LT,20210311,0.01,0.01,0.01,0.01,2300
M6LU,20210311,1,1,1,1,312100
M6LV,20210311,2,2,2,2,457200
M6LW,20210311,0.01,0.01,0.01,0.01,2600
M6LX,20210311,3,3,3,3,512700
M6LY,20210311,0.01,0.01,0.01,0.01,6100
M6LZ,20210311,1,1,1,1,281000
MADA,20210311,11,11,11,11,19100
MADB,20210311,7,7,7,7,2800
MADC,20210311,412,412,412,412,199900
MADE,20210311,492,492,492,492,206900
MADF,20210311,14,14,14,14,5800
MADG,20210311,145,145,145,145,99500
MADH,20210311,631,631,631,631,454800
MADI,20210311,14,14,14,14,7300
MADJ,20210311,0.01,0.01,0.01,0.01,2800
MADK,20210311,8,8,8,8,7600
MADL,20210311,64,64,64,64,314500
MADM,20210311,3,3,3,3,3200
MADN,20210311,369,369,369,369,197800
MADO,20210311,18,18,18,18,10000
MADP,20210311,73,73,73,73,49800
MADQ,20210311,315,315,315,315,295800
MADR,20210311,2,2,2,2,3000
MADS,20210311,1,1,1,1,6200
MADT,20210311,9,9,9,9,2300
MADU,20210311,141,141,141,141,312100
MADV,20210311,554,554,554,554,457200
MADW,20210311,6,6,6,6,2600
MADX,20210311,695,695,695,695,512700
MADY,20210311,9,9,9,9,6100
MADZ,20210311,547,547,547,547,281000
MAHA,20210311,11,11,11,11,19100
MAHB,20210311,7,7,7,7,2800
MAHC,20210311,412,412,412,412,199900
MAHE,20210311,532,532,532,532,206900
MAHF,20210311,14,14,14,14,5800
MAHG,20210311,145,145,145,145,99500
MAHH,20210311,631,631,631,631,454800
MAHI,20210311,14,14,14,14,7300
MAHJ,20210311,0.01,0.01,0.01,0.01,2800
MAHK,20210311,8,8,8,8,7600
MAHL,20210311,64,64,64,64,314500
MAHM,20210311,3,3,3,3,3200
MAHN,20210311,369,369,369,369,197800
MAHO,20210311,18,18,18,18,10000
MAHP,20210311,73,73,73,73,49800
MAHQ,20210311,315,315,315,315,295800
MAHR,20210311,2,2,2,2,3000
MAHS,20210311,1,1,1,1,6200
MAHT,20210311,9,9,9,9,2300
MAHU,20210311,141,141,141,141,312100
MAHV,20210311,554,554,554,554,457200
MAHW,20210311,6,6,6,6,2600
MAHX,20210311,695,695,695,695,512700
MAHY,20210311,9,9,9,9,6100
MAHZ,20210311,547,547,547,547,281000
MALA,20210311,0.01,0.01,0.01,0.01,19100
MALB,20210311,0.01,0.01,0.01,0.01,2800
MALC,20210311,0.01,0.01,0.01,0.01,199900
MALE,20210311,40,40,40,40,206900
MALF,20210311,0.01,0.01,0.01,0.01,5800
MALG,20210311,0.01,0.01,0.01,0.01,99500
MALH,20210311,0.01,0.01,0.01,0.01,454800
MALI,20210311,0.01,0.01,0.01,0.01,7300
MALJ,20210311,0.01,0.01,0.01,0.01,2800
MALK,20210311,0.01,0.01,0.01,0.01,7600
MALL,20210311,0.01,0.01,0.01,0.01,314500
MALM,20210311,0.01,0.01,0.01,0.01,3200
MALN,20210311,0.01,0.01,0.01,0.01,197800
MALO,20210311,0.01,0.01,0.01,0.01,10000
MALP,20210311,0.01,0.01,0.01,0.01,49800
MALQ,20210311,0.01,0.01,0.01,0.01,295800
MALR,20210311,0.01,0.01,0.01,0.01,3000
MALS,20210311,0.01,0.01,0.01,0.01,6200
MALT,20210311,0.01,0.01,0.01,0.01,2300
MALU,20210311,0.01,0.01,0.01,0.01,312100
MALV,20210311,0.01,0.01,0.01,0.01,457200
MALW,20210311,0.01,0.01,0.01,0.01,2600
MALX,20210311,0.01,0.01,0.01,0.01,512700
MALY,20210311,0.01,0.01,0.01,0.01,6100
MALZ,20210311,0.01,0.01,0.01,0.01,281000
MMFD,20210311,86.73,90.25,86.1,88.32,0
MMFI,20210311,68.78,72.41,68.47,72.39,0
MMOF,20210311,84.18,86.1,84.18,86.04,0
MMOH,20210311,80.89,83.84,80.89,83.75,0
MMTH,20210311,85.57,87.05,85.55,87,0
MMTW,20210311,61.95,67.25,61,67.16,0
MNFD,20210311,86.17,86.73,86.17,86.2,0
MNFI,20210311,66.29,67.57,66.29,67.34,0
MNOF,20210311,82.84,83.66,82.84,83.54,0
MNOH,20210311,79.02,80.39,79.02,80.29,0
MNTH,20210311,84.54,85.46,84.54,85.36,0
MNTW,20210311,57.38,57.99,57.29,57.75,0
MOFD,20210311,26.73,28.4,26.73,28.37,0
MOFI,20210311,52.75,54.63,52.75,54.51,0
MOOF,20210311,77.18,78.44,77.18,78.34,0
MOOH,20210311,71.98,73.22,71.98,73.14,0
MOTH,20210311,80.02,80.91,80.02,80.82,0
MOTW,20210311,36.4,37.38,35.98,37.3,0
MPFD,20210311,69.34,69.36,68.9,68.91,0
MPFI,20210311,85.1,85.55,85.1,85.23,0
MPOF,20210311,91.15,91.43,91.15,91.32,0
MPOH,20210311,91.75,92.02,91.75,91.91,0
MPTH,20210311,91.57,91.83,91.57,91.68,0
MPTW,20210311,82.58,83.14,82.58,82.77,0
MTFD,20210311,86.43,86.43,79.32,81.53,0
MTFI,20210311,65.69,70.03,65.69,69.66,0
MTOF,20210311,78.19,80.83,78.19,80.33,0
MTOH,20210311,76.86,79.76,76.86,79.12,0
MTTH,20210311,78.19,82.14,78.19,81.68,0
MTTW,20210311,60.37,63.96,59.58,63.96,0
MUFD,20210311,82.66,82.66,80.19,80.66,0
MUFI,20210311,64.53,68,64.53,67.37,0
MUOF,20210311,77.33,80.73,77.33,79.9,0
MUOH,20210311,75.46,79.39,75.46,78.54,0
MUTH,20210311,78.66,82.41,78.66,81.41,0
MUTW,20210311,55.46,57.31,55.46,56.34,0
MVFD,20210311,32.08,32.08,30.8,31.15,0
MVFI,20210311,56.95,60.03,56.95,58.66,0
MVOF,20210311,74.06,77.74,74.06,77.35,0
MVOH,20210311,70.58,74.7,70.58,73.7,0
MVTH,20210311,75.4,79.42,75.4,78.87,0
MVTW,20210311,39.3,40.49,39.3,40.12,0
MWFD,20210311,67.11,67.11,65.18,65.18,0
MWFI,20210311,74.93,77.21,74.93,76.68,0
MWOF,20210311,80.86,83.13,80.86,82.82,0
MWOH,20210311,80.32,82.62,80.32,82.2,0
MWTH,20210311,83.82,86.54,83.82,86.19,0
MWTW,20210311,73.31,74.78,72.69,72.69,0
MYDA,20210311,11,11,11,11,19100
MYDB,20210311,7,7,7,7,2800
MYDC,20210311,463,463,463,463,199900
MYDE,20210311,540,540,540,540,206900
MYDF,20210311,14,14,14,14,5800
MYDG,20210311,174,174,174,174,99500
MYDH,20210311,718,718,718,718,454800
MYDI,20210311,19,19,19,19,7300
MYDJ,20210311,3,3,3,3,2800
MYDK,20210311,11,11,11,11,7600
MYDL,20210311,83,83,83,83,314500
MYDM,20210311,3,3,3,3,3200
MYDN,20210311,435,435,435,435,197800
MYDO,20210311,23,23,23,23,10000
MYDP,20210311,92,92,92,92,49800
MYDQ,20210311,355,355,355,355,295800
MYDR,20210311,8,8,8,8,3000
MYDS,20210311,0.01,0.01,0.01,0.01,6200
MYDT,20210311,11,11,11,11,2300
MYDU,20210311,160,160,160,160,312100
MYDV,20210311,641,641,641,641,457200
MYDW,20210311,7,7,7,7,2600
MYDX,20210311,801,801,801,801,512700
MYDY,20210311,9,9,9,9,6100
MYDZ,20210311,624,624,624,624,281000
MYHA,20210311,12,12,12,12,19100
MYHB,20210311,7,7,7,7,2800
MYHC,20210311,473,473,473,473,199900
MYHE,20210311,592,592,592,592,206900
MYHF,20210311,14,14,14,14,5800
MYHG,20210311,175,175,175,175,99500
MYHH,20210311,730,730,730,730,454800
MYHI,20210311,19,19,19,19,7300
MYHJ,20210311,3,3,3,3,2800
MYHK,20210311,11,11,11,11,7600
MYHL,20210311,94,94,94,94,314500
MYHM,20210311,3,3,3,3,3200
MYHN,20210311,445,445,445,445,197800
MYHO,20210311,23,23,23,23,10000
MYHP,20210311,93,93,93,93,49800
MYHQ,20210311,367,367,367,367,295800
MYHR,20210311,8,8,8,8,3000
MYHS,20210311,1,1,1,1,6200
MYHT,20210311,11,11,11,11,2300
MYHU,20210311,163,163,163,163,312100
MYHV,20210311,661,661,661,661,457200
MYHW,20210311,7,7,7,7,2600
MYHX,20210311,824,824,824,824,512700
MYHY,20210311,9,9,9,9,6100
MYHZ,20210311,633,633,633,633,281000
MYLA,20210311,1,1,1,1,19100
MYLB,20210311,0.01,0.01,0.01,0.01,2800
MYLC,20210311,10,10,10,10,199900
MYLE,20210311,52,52,52,52,206900
MYLF,20210311,0.01,0.01,0.01,0.01,5800
MYLG,20210311,1,1,1,1,99500
MYLH,20210311,12,12,12,12,454800
MYLI,20210311,0.01,0.01,0.01,0.01,7300
MYLJ,20210311,0.01,0.01,0.01,0.01,2800
MYLK,20210311,0.01,0.01,0.01,0.01,7600
MYLL,20210311,11,11,11,11,314500
MYLM,20210311,0.01,0.01,0.01,0.01,3200
MYLN,20210311,10,10,10,10,197800
MYLO,20210311,0.01,0.01,0.01,0.01,10000
MYLP,20210311,1,1,1,1,49800
MYLQ,20210311,12,12,12,12,295800
MYLR,20210311,0.01,0.01,0.01,0.01,3000
MYLS,20210311,1,1,1,1,6200
MYLT,20210311,0.01,0.01,0.01,0.01,2300
MYLU,20210311,3,3,3,3,312100
MYLV,20210311,20,20,20,20,457200
MYLW,20210311,0.01,0.01,0.01,0.01,2600
MYLX,20210311,23,23,23,23,512700
MYLY,20210311,0.01,0.01,0.01,0.01,6100
MYLZ,20210311,9,9,9,9,281000
N1DA,20210311,208,208,208,208,59800
N1DB,20210311,121,121,121,121,39500
N1DC,20210311,13,13,13,13,10200
N1DD,20210311,9,9,9,9,3000
N1DE,20210311,21,21,21,21,6500
N1DF,20210311,8,8,8,8,2000
N1DG,20210311,4,4,4,4,1500
N1DH,20210311,69,69,69,69,21700
N1DI,20210311,30,30,30,30,6000
N1DJ,20210311,0.01,0.01,0.01,0.01,31200
N1DK,20210311,144,144,144,144,68200
N1DL,20210311,3,3,3,3,63900
N1DM,20210311,-2,-2,-2,-2,27000
N1DN,20210311,145,145,145,145,159100
N1DO,20210311,182,182,182,182,98900
N1DP,20210311,150,150,150,150,55200
N1DU,20210311,265,265,265,265,256600
N1DV,20210311,74,74,74,74,28800
N1HA,20210311,213,213,213,213,59800
N1HB,20210311,121,121,121,121,39500
N1HC,20210311,14,14,14,14,10200
N1HD,20210311,9,9,9,9,3000
N1HE,20210311,21,21,21,21,6500
N1HF,20210311,8,8,8,8,2000
N1HG,20210311,4,4,4,4,1500
N1HH,20210311,72,72,72,72,21700
N1HI,20210311,30,30,30,30,6000
N1HJ,20210311,20,20,20,20,31200
N1HK,20210311,166,166,166,166,68200
N1HL,20210311,46,46,46,46,63900
N1HM,20210311,18,18,18,18,27000
N1HN,20210311,230,230,230,230,159100
N1HO,20210311,188,188,188,188,98900
N1HP,20210311,166,166,166,166,55200
N1HU,20210311,398,398,398,398,256600
N1HV,20210311,76,76,76,76,28800
N1LA,20210311,5,5,5,5,59800
N1LB,20210311,0.01,0.01,0.01,0.01,39500
N1LC,20210311,1,1,1,1,10200
N1LD,20210311,0.01,0.01,0.01,0.01,3000
N1LE,20210311,0.01,0.01,0.01,0.01,6500
N1LF,20210311,0.01,0.01,0.01,0.01,2000
N1LG,20210311,0.01,0.01,0.01,0.01,1500
N1LH,20210311,3,3,3,3,21700
N1LI,20210311,0.01,0.01,0.01,0.01,6000
N1LJ,20210311,20,20,20,20,31200
N1LK,20210311,22,22,22,22,68200
N1LL,20210311,43,43,43,43,63900
N1LM,20210311,20,20,20,20,27000
N1LN,20210311,85,85,85,85,159100
N1LO,20210311,6,6,6,6,98900
N1LP,20210311,16,16,16,16,55200
N1LU,20210311,133,133,133,133,256600
N1LV,20210311,2,2,2,2,28800
N3DA,20210311,183,183,183,183,59800
N3DB,20210311,97,97,97,97,39500
N3DC,20210311,3,3,3,3,10200
N3DD,20210311,5,5,5,5,3000
N3DE,20210311,9,9,9,9,6500
N3DF,20210311,4,4,4,4,2000
N3DG,20210311,0.01,0.01,0.01,0.01,1500
N3DH,20210311,53,53,53,53,21700
N3DI,20210311,22,22,22,22,6000
N3DJ,20210311,0.01,0.01,0.01,0.01,31200
N3DK,20210311,122,122,122,122,68200
N3DL,20210311,12,12,12,12,63900
N3DM,20210311,3,3,3,3,27000
N3DN,20210311,137,137,137,137,159100
N3DO,20210311,145,145,145,145,98900
N3DP,20210311,137,137,137,137,55200
N3DU,20210311,250,250,250,250,256600
N3DV,20210311,52,52,52,52,28800
N3HA,20210311,185,185,185,185,59800
N3HB,20210311,97,97,97,97,39500
N3HC,20210311,3,3,3,3,10200
N3HD,20210311,5,5,5,5,3000
N3HE,20210311,9,9,9,9,6500
N3HF,20210311,4,4,4,4,2000
N3HG,20210311,0.01,0.01,0.01,0.01,1500
N3HH,20210311,53,53,53,53,21700
N3HI,20210311,22,22,22,22,6000
N3HJ,20210311,9,9,9,9,31200
N3HK,20210311,128,128,128,128,68200
N3HL,20210311,25,25,25,25,63900
N3HM,20210311,8,8,8,8,27000
N3HN,20210311,161,161,161,161,159100
N3HO,20210311,146,146,146,146,98900
N3HP,20210311,151,151,151,151,55200
N3HU,20210311,295,295,295,295,256600
N3HV,20210311,53,53,53,53,28800
N3LA,20210311,2,2,2,2,59800
N3LB,20210311,0.01,0.01,0.01,0.01,39500
N3LC,20210311,0.01,0.01,0.01,0.01,10200
N3LD,20210311,0.01,0.01,0.01,0.01,3000
N3LE,20210311,0.01,0.01,0.01,0.01,6500
N3LF,20210311,0.01,0.01,0.01,0.01,2000
N3LG,20210311,0.01,0.01,0.01,0.01,1500
N3LH,20210311,0.01,0.01,0.01,0.01,21700
N3LI,20210311,0.01,0.01,0.01,0.01,6000
N3LJ,20210311,9,9,9,9,31200
N3LK,20210311,6,6,6,6,68200
N3LL,20210311,13,13,13,13,63900
N3LM,20210311,5,5,5,5,27000
N3LN,20210311,24,24,24,24,159100
N3LO,20210311,1,1,1,1,98900
N3LP,20210311,14,14,14,14,55200
N3LU,20210311,45,45,45,45,256600
N3LV,20210311,1,1,1,1,28800
N5DA,20210311,347,347,347,347,59800
N5DB,20210311,237,237,237,237,39500
N5DC,20210311,66,66,66,66,10200
N5DD,20210311,17,17,17,17,3000
N5DE,20210311,39,39,39,39,6500
N5DF,20210311,12,12,12,12,2000
N5DG,20210311,10,10,10,10,1500
N5DH,20210311,107,107,107,107,21700
N5DI,20210311,38,38,38,38,6000
N5DJ,20210311,93,93,93,93,31200
N5DK,20210311,316,316,316,316,68200
N5DL,20210311,157,157,157,157,63900
N5DM,20210311,53,53,53,53,27000
N5DN,20210311,526,526,526,526,159100
N5DO,20210311,584,584,584,584,98900
N5DP,20210311,370,370,370,370,55200
N5DU,20210311,801,801,801,801,256600
N5DV,20210311,131,131,131,131,28800
N5HA,20210311,358,358,358,358,59800
N5HB,20210311,239,239,239,239,39500
N5HC,20210311,68,68,68,68,10200
N5HD,20210311,17,17,17,17,3000
N5HE,20210311,39,39,39,39,6500
N5HF,20210311,12,12,12,12,2000
N5HG,20210311,10,10,10,10,1500
N5HH,20210311,115,115,115,115,21700
N5HI,20210311,38,38,38,38,6000
N5HJ,20210311,122,122,122,122,31200
N5HK,20210311,360,360,360,360,68200
N5HL,20210311,227,227,227,227,63900
N5HM,20210311,86,86,86,86,27000
N5HN,20210311,673,673,673,673,159100
N5HO,20210311,598,598,598,598,98900
N5HP,20210311,397,397,397,397,55200
N5HU,20210311,1055,1055,1055,1055,256600
N5HV,20210311,136,136,136,136,28800
N5LA,20210311,11,11,11,11,59800
N5LB,20210311,2,2,2,2,39500
N5LC,20210311,2,2,2,2,10200
N5LD,20210311,0.01,0.01,0.01,0.01,3000
N5LE,20210311,0.01,0.01,0.01,0.01,6500
N5LF,20210311,0.01,0.01,0.01,0.01,2000
N5LG,20210311,0.01,0.01,0.01,0.01,1500
N5LH,20210311,8,8,8,8,21700
N5LI,20210311,0.01,0.01,0.01,0.01,6000
N5LJ,20210311,29,29,29,29,31200
N5LK,20210311,44,44,44,44,68200
N5LL,20210311,70,70,70,70,63900
N5LM,20210311,33,33,33,33,27000
N5LN,20210311,147,147,147,147,159100
N5LO,20210311,14,14,14,14,98900
N5LP,20210311,27,27,27,27,55200
N5LU,20210311,254,254,254,254,256600
N5LV,20210311,5,5,5,5,28800
N6DA,20210311,180,180,180,180,59800
N6DB,20210311,96,96,96,96,39500
N6DC,20210311,2,2,2,2,10200
N6DD,20210311,5,5,5,5,3000
N6DE,20210311,9,9,9,9,6500
N6DF,20210311,4,4,4,4,2000
N6DG,20210311,0.01,0.01,0.01,0.01,1500
N6DH,20210311,48,48,48,48,21700
N6DI,20210311,19,19,19,19,6000
N6DJ,20210311,2,2,2,2,31200
N6DK,20210311,116,116,116,116,68200
N6DL,20210311,15,15,15,15,63900
N6DM,20210311,6,6,6,6,27000
N6DN,20210311,137,137,137,137,159100
N6DO,20210311,139,139,139,139,98900
N6DP,20210311,134,134,134,134,55200
N6DU,20210311,240,240,240,240,256600
N6DV,20210311,50,50,50,50,28800
N6HA,20210311,180,180,180,180,59800
N6HB,20210311,96,96,96,96,39500
N6HC,20210311,2,2,2,2,10200
N6HD,20210311,5,5,5,5,3000
N6HE,20210311,9,9,9,9,6500
N6HF,20210311,4,4,4,4,2000
N6HG,20210311,0.01,0.01,0.01,0.01,1500
N6HH,20210311,48,48,48,48,21700
N6HI,20210311,19,19,19,19,6000
N6HJ,20210311,8,8,8,8,31200
N6HK,20210311,120,120,120,120,68200
N6HL,20210311,22,22,22,22,63900
N6HM,20210311,8,8,8,8,27000
N6HN,20210311,150,150,150,150,159100
N6HO,20210311,139,139,139,139,98900
N6HP,20210311,148,148,148,148,55200
N6HU,20210311,262,262,262,262,256600
N6HV,20210311,50,50,50,50,28800
N6LA,20210311,0.01,0.01,0.01,0.01,59800
N6LB,20210311,0.01,0.01,0.01,0.01,39500
N6LC,20210311,0.01,0.01,0.01,0.01,10200
N6LD,20210311,0.01,0.01,0.01,0.01,3000
N6LE,20210311,0.01,0.01,0.01,0.01,6500
N6LF,20210311,0.01,0.01,0.01,0.01,2000
N6LG,20210311,0.01,0.01,0.01,0.01,1500
N6LH,20210311,0.01,0.01,0.01,0.01,21700
N6LI,20210311,0.01,0.01,0.01,0.01,6000
N6LJ,20210311,6,6,6,6,31200
N6LK,20210311,4,4,4,4,68200
N6LL,20210311,7,7,7,7,63900
N6LM,20210311,2,2,2,2,27000
N6LN,20210311,13,13,13,13,159100
N6LO,20210311,0.01,0.01,0.01,0.01,98900
N6LP,20210311,14,14,14,14,55200
N6LU,20210311,22,22,22,22,256600
N6LV,20210311,0.01,0.01,0.01,0.01,28800
NADA,20210311,167,167,167,167,59800
NADB,20210311,91,91,91,91,39500
NADC,20210311,2,2,2,2,10200
NADD,20210311,5,5,5,5,3000
NADE,20210311,9,9,9,9,6500
NADF,20210311,4,4,4,4,2000
NADG,20210311,0.01,0.01,0.01,0.01,1500
NADH,20210311,40,40,40,40,21700
NADI,20210311,15,15,15,15,6000
NADJ,20210311,6,6,6,6,31200
NADK,20210311,104,104,104,104,68200
NADL,20210311,17,17,17,17,63900
NADM,20210311,6,6,6,6,27000
NADN,20210311,127,127,127,127,159100
NADO,20210311,132,132,132,132,98900
NADP,20210311,130,130,130,130,55200
NADU,20210311,216,216,216,216,256600
NADV,20210311,44,44,44,44,28800
NAHA,20210311,167,167,167,167,59800
NAHB,20210311,91,91,91,91,39500
NAHC,20210311,2,2,2,2,10200
NAHD,20210311,5,5,5,5,3000
NAHE,20210311,9,9,9,9,6500
NAHF,20210311,4,4,4,4,2000
NAHG,20210311,0.01,0.01,0.01,0.01,1500
NAHH,20210311,40,40,40,40,21700
NAHI,20210311,15,15,15,15,6000
NAHJ,20210311,6,6,6,6,31200
NAHK,20210311,104,104,104,104,68200
NAHL,20210311,17,17,17,17,63900
NAHM,20210311,6,6,6,6,27000
NAHN,20210311,127,127,127,127,159100
NAHO,20210311,132,132,132,132,98900
NAHP,20210311,141,141,141,141,55200
NAHU,20210311,220,220,220,220,256600
NAHV,20210311,44,44,44,44,28800
NALA,20210311,0.01,0.01,0.01,0.01,59800
NALB,20210311,0.01,0.01,0.01,0.01,39500
NALC,20210311,0.01,0.01,0.01,0.01,10200
NALD,20210311,0.01,0.01,0.01,0.01,3000
NALE,20210311,0.01,0.01,0.01,0.01,6500
NALF,20210311,0.01,0.01,0.01,0.01,2000
NALG,20210311,0.01,0.01,0.01,0.01,1500
NALH,20210311,0.01,0.01,0.01,0.01,21700
NALI,20210311,0.01,0.01,0.01,0.01,6000
NALJ,20210311,0.01,0.01,0.01,0.01,31200
NALK,20210311,0.01,0.01,0.01,0.01,68200
NALL,20210311,0.01,0.01,0.01,0.01,63900
NALM,20210311,0.01,0.01,0.01,0.01,27000
NALN,20210311,0.01,0.01,0.01,0.01,159100
NALO,20210311,0.01,0.01,0.01,0.01,98900
NALP,20210311,11,11,11,11,55200
NALU,20210311,4,4,4,4,256600
NALV,20210311,0.01,0.01,0.01,0.01,28800
NAST,20210311,6230.47,6286.11,6201.84,6268.05,0
NBI,20210311,4827.78,4908.15,4818.56,4897.53,0
NCFD,20210311,86.87,93.68,86.87,91.18,0
NCFI,20210311,57.41,61.22,57.41,60.32,0
NCOF,20210311,75.65,78.55,75.55,78.55,0
NCOH,20210311,82.96,84.76,82.86,84.76,0
NCTH,20210311,86.47,87.47,86.17,87.27,0
NCTW,20210311,52.1,59.61,52.1,59.61,0
NDFD,20210311,95.09,98.03,93.13,93.13,0
NDFI,20210311,39.21,47.05,39.21,40.19,0
NDOF,20210311,59.8,66.66,59.8,62.74,0
NDOH,20210311,65.68,70.58,64.7,68.62,0
NDTH,20210311,77.45,78.43,76.47,78.43,0
NDTW,20210311,38.23,49.01,38.23,46.07,0
NDXT,20210311,7684.64,7820.2,7673.04,7780.59,0
NDXX,20210311,4727.84,4775.95,4719.24,4749.1,0
NDY,20210311,12957.99,13117.86,12920.01,13052.9,0
NQGM,20210311,4577.99,4693.49,4559.4,4693.49,0
NQGS,20210311,6224.32,6299.26,6212.61,6279.24,0
NSHD,20210311,3,1000,3,843,0
NSHF,20210311,6,1930,6,1582,0
NSHR,20210311,3,4,1.75,2.87,0
NSHU,20210311,9,2573,9,2425,0
NVLD,20210311,0.96,1465.45,0.96,1131.83,0
NVLF,20210311,8.4,1253.86,8.4,856.46,0
NVLR,20210311,9.72,9.77,1.16,1.75,0
NVLU,20210311,9.36,2466.36,9.36,1988.3,0
NXTQ,20210311,844.98,861.08,844.24,859.2,0
NYA,20210311,15521.84,15701.82,15521.84,15648,0
NYDA,20210311,181,181,181,181,59800
NYDB,20210311,97,97,97,97,39500
NYDC,20210311,4,4,4,4,10200
NYDD,20210311,6,6,6,6,3000
NYDE,20210311,13,13,13,13,6500
NYDF,20210311,6,6,6,6,2000
NYDG,20210311,1,1,1,1,1500
NYDH,20210311,55,55,55,55,21700
NYDI,20210311,23,23,23,23,6000
NYDJ,20210311,-2,-2,-2,-2,31200
NYDK,20210311,126,126,126,126,68200
NYDL,20210311,7,7,7,7,63900
NYDM,20210311,3,3,3,3,27000
NYDN,20210311,136,136,136,136,159100
NYDO,20210311,146,146,146,146,98900
NYDP,20210311,139,139,139,139,55200
NYDU,20210311,246,246,246,246,256600
NYDV,20210311,56,56,56,56,28800
NYHA,20210311,185,185,185,185,59800
NYHB,20210311,97,97,97,97,39500
NYHC,20210311,4,4,4,4,10200
NYHD,20210311,6,6,6,6,3000
NYHE,20210311,13,13,13,13,6500
NYHF,20210311,6,6,6,6,2000
NYHG,20210311,1,1,1,1,1500
NYHH,20210311,56,56,56,56,21700
NYHI,20210311,23,23,23,23,6000
NYHJ,20210311,9,9,9,9,31200
NYHK,20210311,136,136,136,136,68200
NYHL,20210311,25,25,25,25,63900
NYHM,20210311,9,9,9,9,27000
NYHN,20210311,170,170,170,170,159100
NYHO,20210311,148,148,148,148,98900
NYHP,20210311,153,153,153,153,55200
NYHU,20210311,303,303,303,303,256600
NYHV,20210311,57,57,57,57,28800
NYLA,20210311,4,4,4,4,59800
NYLB,20210311,0.01,0.01,0.01,0.01,39500
NYLC,20210311,0.01,0.01,0.01,0.01,10200
NYLD,20210311,0.01,0.01,0.01,0.01,3000
NYLE,20210311,0.01,0.01,0.01,0.01,6500
NYLF,20210311,0.01,0.01,0.01,0.01,2000
NYLG,20210311,0.01,0.01,0.01,0.01,1500
NYLH,20210311,1,1,1,1,21700
NYLI,20210311,0.01,0.01,0.01,0.01,6000
NYLJ,20210311,11,11,11,11,31200
NYLK,20210311,10,10,10,10,68200
NYLL,20210311,18,18,18,18,63900
NYLM,20210311,6,6,6,6,27000
NYLN,20210311,34,34,34,34,159100
NYLO,20210311,2,2,2,2,98900
NYLP,20210311,14,14,14,14,55200
NYLU,20210311,57,57,57,57,256600
NYLV,20210311,1,1,1,1,28800
OEX,20210311,1778.52,1798.54,1778.52,1789.05,1358603000
OFIN,20210311,11519.82,11682.28,11486.11,11653.83,0
OILBR,20210311,66.88,69.63,66.88,69.63,0
OILSW,20210311,64.7,66.02,64.7,66.02,1153571
OSX,20210311,64.22,64.86,62.58,62.64,0
PCAM,20210311,0.58,0.58,0.58,0.58,0
PCAP,20210311,0.44,0.44,0.44,0.44,0
PCBA,20210311,0.47,0.47,0.47,0.47,0
PCCS,20210311,0.26,0.26,0.26,0.26,0
PCDI,20210311,0.28,0.28,0.28,0.28,0
PCFB,20210311,0.44,0.44,0.44,0.44,0
PCFR,20210311,0.25,0.25,0.25,0.25,0
PCGO,20210311,1.06,1.06,1.06,1.06,0
PCIN,20210311,0.64,0.64,0.64,0.64,0
PCIW,20210311,1.33,1.33,1.33,1.33,0
PCJP,20210311,0.8,0.8,0.8,0.8,0
PCMD,20210311,0.54,0.54,0.54,0.54,0
PCMS,20210311,0.54,0.54,0.54,0.54,0
PCQQ,20210311,1.17,1.17,1.17,1.17,0
PCSP,20210311,1.32,1.32,1.32,1.32,0
PCSX,20210311,1.25,1.25,1.25,1.25,0
PCTS,20210311,0.71,0.71,0.71,0.71,0
PCVI,20210311,1.74,1.74,1.74,1.74,0
PCVX,20210311,0.63,0.63,0.63,0.63,0
PCWM,20210311,0.39,0.39,0.39,0.39,0
PCXO,20210311,0.48,0.48,0.48,0.48,0
PLD,20210311,2302,2364.5,2285.5,2341.6,1594
PLT,20210311,1208.8,1234.3,1195.3,1202.3,15399
QSHD,20210311,30,1076,30,861,0
QSHF,20210311,98,2406,98,2397,0
QSHR,20210311,4.26,4.51,2.63,3.78,0
QSHU,20210311,128,3266,128,3258,0
QVLD,20210311,7.06,655.86,7.06,483.9,0
QVLF,20210311,19.27,3088.9,19.27,2465.62,0
QVLR,20210311,3.72,8.52,3.64,6.09,0
QVLU,20210311,26.33,3744.77,26.33,2949.52,0
R1FD,20210311,83.18,92.87,83.18,85.16,0
R1FI,20210311,68.44,72.2,68.44,70.32,0
R1OF,20210311,76.06,79.12,76.06,77.34,0
R1OH,20210311,81.8,83.48,81.7,82.39,0
R1TH,20210311,85.55,86.94,85.36,86.15,0
R1TW,20210311,67.95,73.98,67.95,71.51,0
R2FD,20210311,87.35,90.61,84.98,89.82,0
R2FI,20210311,75.16,78.22,75.16,78.22,0
R2OF,20210311,85.67,87.9,85.67,87.9,0
R2OH,20210311,88.04,89.92,88.04,89.92,0
R2TH,20210311,88.98,89.97,88.98,89.97,0
R2TW,20210311,69.92,76.04,69.92,76.04,0
R3FD,20210311,86.13,91.57,85.88,88.41,0
R3FI,20210311,73.67,76.16,73.67,76.09,0
R3OF,20210311,82.87,84.9,82.87,84.52,0
R3OH,20210311,86.41,87.78,86.41,87.78,0
R3TH,20210311,88.59,89.5,88.59,89.29,0
R3TW,20210311,70.58,75.39,70.58,75.39,0
RTCM,20210311,230.12,231.49,229.15,229.18,12638900
RTRE,20210311,173.45,174.39,172.35,172.4,11284400
S1FD,20210311,86.13,93.06,82.17,84.15,0
S1FI,20210311,69.3,73.26,68.31,68.31,0
S1OF,20210311,73.26,78.21,70.29,72.27,0
S1OH,20210311,74.25,78.21,73.26,74.25,0
S1TH,20210311,82.17,85.14,82.17,83.16,0
S1TR,20210311,274.05,275.64,268.5,274.83,0
S1TW,20210311,72.27,78.21,72.27,76.23,0
S2TR,20210311,805.07,814.72,798.34,805.45,0
S3TR,20210311,1449.03,1462.01,1439.13,1447.05,0
S4FD,20210311,85.21,94.73,85.21,89.97,0
S4FI,20210311,78.44,81.95,78.44,80.2,0
S4OF,20210311,87.21,88.22,86.96,86.96,0
S4OH,20210311,90.47,91.47,90.22,90.47,0
S4TH,20210311,92.48,92.73,91.47,91.47,0
S4TR,20210311,655.31,658.3,652.63,655.53,0
S4TW,20210311,76.19,81.95,76.19,80.2,0
S5FD,20210311,81.98,91.28,80.79,80.79,0
S5FI,20210311,72.27,76.03,72.27,72.47,0
S5OF,20210311,75.44,77.62,74.85,75.44,0
S5OH,20210311,80.39,81.78,80,80.19,0
S5TH,20210311,84.55,85.74,84.35,84.75,0
S5TR,20210311,751.98,757.04,749.14,753.58,0
S5TW,20210311,75.04,80.59,75.04,77.02,0
S6CD,20210311,1075.98,1091.19,1072.78,1084.05,0
S6CS,20210311,2605.05,2614.33,2575.19,2614.33,0
S6EP,20210311,264.6,271.2,263.53,268.27,0
S6FD,20210311,88.18,92.34,86.18,89.68,0
S6FI,20210311,85.85,87.52,85.69,87.52,0
S6FP,20210311,1090.59,1101.04,1086.81,1100.43,0
S6HC,20210311,4499.05,4572.83,4499.05,4572.83,0
S6IP,20210311,1578.21,1599.68,1578.21,1595.89,0
S6MP,20210311,684.68,693.16,681.78,686.77,0
S6OF,20210311,92.51,94.34,92.51,94.17,0
S6OH,20210311,94,95.34,94,95.17,0
S6TH,20210311,95,95.5,94.67,95.5,0
S6TP,20210311,1201.03,1241.69,1201.03,1241.69,0
S6TR,20210311,2070.95,2096.47,2068.14,2072.77,0
S6TW,20210311,83.19,86.35,82.52,86.35,0
S6UP,20210311,820.43,824.72,817.15,823.51,0
S7TR,20210311,1431.65,1439.55,1421,1430.02,0
S8TR,20210311,795.53,807.73,793.31,794.45,0
S9TR,20210311,804.04,805.6,797.54,801.71,0
SAAB,20210311,1845.4,1865.88,1845.13,1864.25,0
SAER,20210311,78.13,78.86,77.89,78.57,0
SAIE,20210311,188.7,190.58,188.53,190.05,0
SAIU,20210311,173.06,175.61,172.84,174.77,0
SAJR,20210311,176.56,181.71,176.56,181.47,0
SAJT,20210311,125.37,128.88,125.37,128.71,0
SAPE,20210311,3932.15,3952.75,3916.43,3930.45,0
SAPT,20210311,114.68,116.73,114.63,115.52,0
SAPU,20210311,3204.08,3220.33,3189.84,3193.2,0
SAQA,20210311,5414.75,5473.55,5413.5,5459.34,0
SAQE,20210311,4019.52,4048.45,4017.64,4040.93,0
SAUE,20210311,181.42,183.12,180.86,182.46,0
SBER,20210311,57.71,58.67,57.51,58.58,0
SBES,20210311,1818.86,1870.72,1818.86,1864.84,0
SBFD,20210311,89.28,92.85,75,75,0
SBFI,20210311,82.14,82.14,82.14,82.14,0
SBIX,20210311,388.45,392.76,385.08,388.29,165441300
SBNP,20210311,3330.88,3378.08,3330.88,3359.84,0
SBOF,20210311,82.14,85.71,82.14,82.14,0
SBOH,20210311,85.71,85.71,82.14,82.14,0
SBSE,20210311,2943.76,3072.12,2943.76,3072.12,0
SBSU,20210311,2636.54,2762.05,2636.54,2760.32,0
SBTH,20210311,92.85,96.42,89.28,89.28,0
SBTR,20210311,63.96,65.02,63.73,64.93,0
SBTW,20210311,96.42,96.42,92.85,92.85,0
SBUP,20210311,7113.93,7129.94,7060.69,7111.81,0
SCBR,20210311,56.96,57.99,56.88,57.88,0
SCII,20210311,64.88,66.53,64.88,66.01,0
SCIR,20210311,300.66,309.42,298.94,308.6,0
SCIS,20210311,297.27,305.93,295.57,305.12,0
SCIT,20210311,543.94,559.79,540.9,558.3,0
SCPC,20210311,3062.28,3134.4,3062.28,3130.03,0
SCRC,20210311,5308.46,5497.48,5308.46,5490.67,0
SCSC,20210311,4409.22,4534.43,4409.22,4521.75,0
SCSE,20210311,4498.72,4641.15,4498.72,4618.39,0
SCUT,20210311,1516.91,1549.86,1516.91,1545.95,0
SCWI,20210311,186.7,189.29,186.49,187.91,0
SCWP,20210311,312.64,315.01,311.74,314.45,0
SDEW,20210311,2072.2,2103.91,2072.2,2098.63,0
SDIP,20210311,136.59,138.1,136.38,138.05,0
SDIS,20210311,141.88,143.44,141.66,143.4,0
SDIT,20210311,169.78,171.65,169.52,171.6,0
SDPI,20210311,2028.42,2062.18,2026.12,2053.43,0
SDTI,20210311,2556.64,2599.17,2553.75,2588.15,0
SDTR,20210311,1539.59,1551.08,1535.21,1537.72,0
SDTS,20210311,1107.66,1121.31,1107.39,1121.31,0
SDTT,20210311,1367.52,1377.27,1360.17,1377.27,0
SEAN,20210311,812.12,812.93,809.69,811.47,0
SEBI,20210311,2536.36,2602.32,2532.94,2597.39,0
SECA,20210311,273.23,277.72,273.23,277.57,0
SECB,20210311,222.51,226.17,222.51,226.04,0
SECC,20210311,402.84,409.15,402.83,408.92,0
SEFD,20210311,69.56,91.3,69.56,73.91,0
SEFI,20210311,100,100,100,100,0
SEIB,20210311,2885.29,2951.8,2885.29,2951.8,0
SEIE,20210311,322.46,329.66,322.46,329.66,0
SEIT,20210311,154.94,156.06,154.3,155.27,0
SEIU,20210311,326.91,335.47,326.84,334.88,0
SEMT,20210311,1948.27,2018.61,1948.27,2017.81,0
SEOF,20210311,100,100,100,100,0
SEOH,20210311,100,100,100,100,0
SETH,20210311,100,100,100,100,0
SETW,20210311,100,100,100,100,0
SFFD,20210311,60,86.15,60,75.38,0
SFFI,20210311,96.92,96.92,95.38,95.38,0
SFOF,20210311,96.92,98.46,95.38,96.92,0
SFOH,20210311,96.92,100,96.92,98.46,0
SFTH,20210311,98.46,100,98.46,100,0
SFTR,20210311,1863.87,1875.79,1860.45,1864.46,0
SFTW,20210311,92.3,93.84,90.76,92.3,0
SG0A,20210311,338.11,340.17,337.27,339.96,0
SG0B,20210311,68.87,69.29,68.7,69.24,0
SG0C,20210311,753.75,758.79,751.88,757.86,0
SG0D,20210311,38.92,39.24,38.79,39.09,0
SG0E,20210311,425.99,429.54,424.56,427.83,0
SG0F,20210311,408.08,410.09,407.26,409.65,0
SG0G,20210311,304.44,305.59,303.69,305.23,0
SG0H,20210311,3337.98,3344.94,3324.19,3341.05,0
SG0I,20210311,366.84,376.02,366.84,375.77,0
SG1A,20210311,543.82,556.29,543.39,555.99,0
SG1B,20210311,426.58,428.49,417.45,419.46,0
SG1C,20210311,9.13,9.17,8.93,8.97,0
SG1D,20210311,100,100.45,97.86,98.33,0
SG1E,20210311,137.46,139.36,136.82,138.04,0
SG1F,20210311,26.64,27.01,26.52,26.76,0
SG1G,20210311,56.93,57.72,56.65,57.17,0
SG1H,20210311,262.17,269.47,260.31,267.56,0
SG1I,20210311,105.71,108.65,104.96,107.88,0
SG1J,20210311,190.51,195.29,190.51,195.17,0
SG2A,20210311,573.44,587.66,573.44,587.23,0
SG2B,20210311,356.19,365.11,356.19,364.86,0
SG2C,20210311,524.19,537.32,524.19,536.94,0
SG2D,20210311,101.06,102.78,101.06,101.84,0
SG2E,20210311,9.38,9.55,9.38,9.46,0
SG2F,20210311,34.14,34.47,33.92,34.15,0
SG2G,20210311,100.77,102.57,100.77,101.92,0
SG2H,20210311,7.48,7.61,7.48,7.56,0
SG2I,20210311,38.05,38.73,38.05,38.48,0
SG2J,20210311,129.56,133.17,128.64,132.23,0
SG3A,20210311,756.61,779.95,754.51,773.3,0
SG3B,20210311,5464.7,5633.29,5449.29,5585.24,0
SG3C,20210311,440.86,447.26,438.59,444.58,0
SG3D,20210311,7.47,7.58,7.43,7.53,0
SG3E,20210311,81.83,83.02,81.41,82.52,0
SG3F,20210311,121.25,125.92,121.08,125.71,0
SG3G,20210311,45.83,47.6,45.77,47.52,0
SG3H,20210311,331,343.74,330.54,343.16,0
SG3I,20210311,353.06,361.99,353.06,361.72,0
SG3J,20210311,628.29,647.67,626.55,642.16,0
SG4A,20210311,273.68,279.61,273.07,279.43,0
SG4B,20210311,350.6,357.87,350.6,357.55,0
SG4C,20210311,78.96,80.6,78.96,80.53,0
SG4D,20210311,143.21,146.07,143.21,145.93,0
SG4E,20210311,88.68,90.82,88.68,90.72,0
SG4F,20210311,349.84,357.87,349.8,357.45,0
SG4G,20210311,173.44,173.44,172.15,172.94,0
SG4H,20210311,93.63,93.63,92.89,93.35,0
SG4I,20210311,119.47,119.5,118.58,119.18,0
SG4J,20210311,95.74,98.15,95.74,98.09,0
SG5A,20210311,271.31,278.84,271.31,278.69,0
SG5B,20210311,399.28,410.36,399.28,410.13,0
SG5C,20210311,1004.01,1013.27,1000.99,1004.42,0
SG5D,20210311,127.78,128.96,127.39,127.83,0
SG5E,20210311,874.64,882.74,872.03,875.01,0
SG5F,20210311,468.58,471.75,465.81,468.11,0
SG5G,20210311,25.16,25.33,25.01,25.14,0
SG5H,20210311,275.46,277.32,273.83,275.18,0
SG5I,20210311,232.83,237.91,231.74,237.79,0
SG5J,20210311,497.21,510.9,497.21,510.67,0
SG6A,20210311,695.2,711.22,692.75,710.89,0
SG6B,20210311,210.4,215.19,210.13,213.42,0
SG6C,20210311,1519.79,1554.44,1517.77,1541.59,0
SG6D,20210311,189.25,189.71,184.57,185.49,0
SG6E,20210311,15.63,15.67,15.24,15.32,0
SG6F,20210311,23.01,23.06,22.44,22.55,0
SG6G,20210311,291.26,296.28,290.36,290.51,0
SG6H,20210311,168.49,171.4,167.97,168.06,0
SG6I,20210311,305.35,310.62,304.4,304.56,0
SG6J,20210311,176.65,180.53,175.83,180.43,0
SG7A,20210311,10.92,11.13,10.89,11.1,0
SG7B,20210311,83,84.59,82.78,84.39,0
SG7C,20210311,455.45,460.78,455.45,460.47,0
SG7D,20210311,193.4,195.62,193.4,195.48,0
SG7E,20210311,2116.13,2140.4,2116.13,2138.93,0
SG7F,20210311,406.05,408.87,405.46,408.44,0
SG7G,20210311,286.81,287.69,285.63,287.37,0
SG7H,20210311,3139.46,3149.07,3126.55,3145.51,0
SG7I,20210311,134.44,135.49,134.22,135.29,0
SG7J,20210311,142.83,145.73,142.83,145.36,0
SG8A,20210311,127.39,128.66,125.66,126.55,0
SG8B,20210311,4.09,4.13,4.04,4.07,0
SG8C,20210311,7.76,7.84,7.65,7.71,0
SG8D,20210311,257.54,265.25,257.54,260.57,0
SG8E,20210311,204.23,210.34,204.23,206.63,0
SG8F,20210311,398.73,410.66,398.73,403.41,0
SG8G,20210311,174.94,176.47,174.71,176.21,0
SG8H,20210311,418.98,422.63,418.41,422.03,0
SG8I,20210311,1914.27,1930.97,1911.72,1928.18,0
SG8J,20210311,1471.14,1482.64,1468.78,1480.49,0
SG9A,20210311,51.94,52.81,51.94,52.77,0
SG9B,20210311,89,90.48,89,90.42,0
SG9C,20210311,495.68,504.29,495.68,503.95,0
SG9D,20210311,341.66,347.37,341.66,347.13,0
SG9E,20210311,3707.29,3769.23,3707.25,3766.61,0
SG9F,20210311,202.99,206.54,202.99,206.41,0
SG9G,20210311,69.02,70.19,69.02,70.14,0
SG9H,20210311,603.08,613.27,603.04,612.87,0
SG9I,20210311,234.93,240.96,234.93,240.61,0
SG9J,20210311,237.85,241.94,237.85,241.78,0
SGAA,20210311,1880.5,1893.72,1878.88,1890.68,0
SGAB,20210311,1881.68,1888.46,1876.02,1886.09,0
SGAC,20210311,5888.46,5941.14,5879.87,5920.07,0
SGAD,20210311,5886.84,5924.58,5871.79,5905.71,0
SGCC,20210311,280.95,285.61,280.95,285.43,0
SGCR,20210311,157.18,160.07,157.04,158.8,0
SGDO,20210311,155.09,155.73,154.94,155.15,0
SGIA,20210311,182.25,185.2,182.25,183.54,0
SGIB,20210311,1438.56,1484.75,1438.56,1477.45,0
SGID,20210311,1400.56,1448.49,1400.56,1443.14,0
SGIF,20210311,280.7,289.01,280.7,287.6,0
SGIR,20210311,148.59,151.22,148.46,150.08,0
SGJ,20210311,214.59,219.74,214.59,219.49,0
SGK,20210311,390.64,393.89,389.32,392.32,0
SGLN,20210311,347.26,352.55,346.36,351.94,0
SGMA,20210311,241.6,245.87,241.39,244.04,0
SGME,20210311,1769.23,1798.68,1762.94,1797.97,0
SGMU,20210311,1430.73,1464.05,1430.73,1461.79,0
SGON,20210311,464.39,466.34,463.97,464.6,0
SGP,20210311,2297.1,2319.94,2288.8,2298.56,0
SGPA,20210311,266.6,271.58,266.33,269.43,0
SGPG,20210311,183.14,185.26,182.61,184.74,0
SGPP,20210311,60.92,61.89,60.92,61.86,0
SGPR,20210311,54.82,55.46,54.66,55.3,0
SGPT,20210311,110.48,112.25,110.47,112.18,0
SGQA,20210311,788.2,807.34,787.36,806.15,0
SGQB,20210311,234.81,240.87,234.81,240.55,0
SGQC,20210311,214.73,220,214.69,219.71,0
SGQD,20210311,846.01,866.78,845.83,865.62,0
SGQE,20210311,214.06,216.2,213.29,214.2,0
SGQF,20210311,2012.71,2032.77,2005.41,2014.01,0
SGQG,20210311,472.65,479.14,472.65,478.94,0
SGQH,20210311,203.56,206.28,203.56,206.19,0
SGQI,20210311,2227.33,2257.06,2227.33,2256.1,0
SGQJ,20210311,200.05,204.91,199.84,204.61,0
SGRC,20210311,138.57,141.08,138.5,139.63,0
SGRE,20210311,102.56,104.38,102.51,103.31,0
SGRG,20210311,30.3,30.65,30.21,30.56,0
SGRM,20210311,157.27,159.28,157.06,158.59,0
SGRT,20210311,87.36,88.18,87.09,87.86,0
SGSA,20210311,1275.87,1296.14,1264.89,1278.95,0
SGSB,20210311,89.39,90.81,88.62,89.6,0
SGSC,20210311,840.8,854.16,833.56,842.83,0
SGSD,20210311,559.7,564.06,556.12,561.19,0
SGSE,20210311,213.14,216.7,213.14,216.57,0
SGSF,20210311,471.08,475.17,468.07,472.33,0
SGSG,20210311,5158.28,5203.1,5125.35,5172,0
SGSH,20210311,168,172.73,168,172.21,0
SGSJ,20210311,10.58,10.8,10.54,10.78,0
SGSK,20210311,99.61,101.65,99.17,101.4,0
SGSM,20210311,185.59,187.47,185.48,187.31,0
SGSN,20210311,2030.74,2051.34,2029.6,2049.54,0
SGSO,20210311,440.65,453.35,439.74,451.82,0
SGSP,20210311,1062.14,1093.36,1059.92,1089.66,0
SGSQ,20210311,2848.53,2934.48,2844.71,2924.53,0
SGSR,20210311,442.74,445.12,433.58,435.96,0
SGSS,20210311,7.96,8,7.79,7.84,0
SGST,20210311,87.21,87.68,85.41,85.88,0
SGSU,20210311,217.31,222.86,215.5,221.98,0
SGSV,20210311,66.86,68.58,66.3,68.29,0
SGSW,20210311,142.85,146.52,141.66,145.91,0
SGSX,20210311,439.51,444.03,439.33,443.65,0
SGT,20210311,2333.72,2371.12,2333.72,2369.65,0
SGTR,20210311,284.38,289.61,284.11,287.31,0
SGV,20210311,305.25,308.33,305.25,307.89,0
SGWT,20210311,176.19,178.7,176.19,178.53,0
SGX,20210311,484.67,492.97,484.67,492.63,0
SGY,20210311,416.43,425.9,415.9,422.41,0
SHTR,20210311,1952.64,1970.4,1949.87,1961.13,0
SIDO,20210311,2092.54,2107.21,2090.06,2102.15,0
SIFD,20210311,76.71,91.78,76.71,78.08,0
SIFI,20210311,87.67,91.78,87.67,89.04,0
SIIP,20210311,101.4,101.68,101.24,101.64,0
SIIS,20210311,106.87,107.17,106.71,107.13,0
SIIT,20210311,126.04,126.39,125.84,126.34,0
SIOF,20210311,89.04,89.04,86.3,86.3,0
SIOH,20210311,87.67,87.67,87.67,87.67,0
SIPR,20210311,1500.89,1554.13,1500.89,1553.51,0
SIRP,20210311,129.16,129.89,128.72,129.86,0
SITH,20210311,91.78,93.15,90.41,91.78,0
SITR,20210311,732.17,738.7,730.06,734.73,0
SITW,20210311,89.04,94.52,89.04,90.41,0
SIUT,20210311,6.95,6.95,6.73,6.8,0
SJPA,20210311,1779.9,1784.04,1774.14,1781.69,0
SJPB,20210311,1929.77,1936.56,1924.89,1934.22,0
SJPC,20210311,3304.78,3334.2,3302.15,3329.1,0
SJPD,20210311,1623.65,1625.56,1616.51,1623.33,0
SJRI,20210311,3072.26,3083.89,3064.21,3072.71,0
SJTR,20210311,2635.83,2678.93,2623.54,2662.96,0
SKFD,20210311,96.05,97.36,92.1,93.42,0
SKFI,20210311,52.63,60.52,52.63,56.57,0
SKOF,20210311,65.78,69.73,65.78,69.73,0
SKOH,20210311,82.89,85.52,82.89,84.21,0
SKTH,20210311,89.47,90.78,89.47,89.47,0
SKTR,20210311,879.14,883.23,875.75,876.42,0
SKTW,20210311,44.73,57.89,44.73,52.63,0
SLAC,20210311,4818.34,4980.36,4818.34,4970.45,0
SLCN,20210311,348.85,354.06,348.85,352.1,0
SLCT,20210311,490.34,497.66,490.34,494.91,0
SLCU,20210311,442.73,449.34,442.73,446.86,0
SLEE,20210311,131.77,132.89,131.77,132.83,0
SLER,20210311,56.94,57.41,56.94,57.39,0
SLEW,20210311,1704.26,1726.98,1704.26,1725.41,0
SLFD,20210311,80.76,92.3,80.76,84.61,0
SLFI,20210311,80.76,80.76,73.07,73.07,0
SLOF,20210311,80.76,88.46,80.76,84.61,0
SLOH,20210311,84.61,88.46,80.76,84.61,0
SLPE,20210311,1369.91,1383.39,1369.07,1383.29,0
SLPX,20210311,187.2,187.99,185.7,186.95,0
SLRT,20210311,63.66,64.2,63.66,64.17,0
SLTH,20210311,88.46,92.3,88.46,88.46,0
SLTW,20210311,69.23,80.76,69.23,76.92,0
SLUN,20210311,12857.52,13263.82,12857.52,13126.1,0
SLUT,20210311,16782.34,17098.66,16767.82,16974.48,0
SLV,20210311,26.32,26.55,25.89,26.19,53386
SML,20210311,1371.92,1385.65,1371.13,1385.65,454630600
SMPR,20210311,1545.25,1590.81,1545.25,1589.26,0
SMRW,20210311,9431.56,9570.91,9431.56,9533.37,0
SMSS,20210311,10768.8,10911.84,10768.8,10821.28,0
SMTI,20210311,1992.35,2053.35,1992.35,2051.35,0
SMTR,20210311,268.84,273.61,268.6,271.55,0
SNCH,20210311,161.97,163.87,161.97,163.21,0
SNCT,20210311,216.36,219.73,216.36,218.84,0
SNER,20210311,74.06,74.54,73.98,74.37,0
SNNE,20210311,3504.57,3527.04,3504.57,3516.65,0
SNNT,20210311,4730.55,4774.45,4730.55,4751.27,0
SNRE,20210311,2366.84,2400.76,2365.76,2394.39,0
SNRT,20210311,82.81,83.36,82.73,83.17,0
SNRU,20210311,2808.15,2853.79,2801.98,2845.32,0
SNTE,20210311,230.84,233.56,230.84,232.55,0
SNUI,20210311,147.96,148.93,147.81,148.59,0
SP500,20210311,3915.54,3960.27,3915.54,3939.34,2572183000
SPAA,20210311,83.7,85.46,83.7,84.97,0
SPAB,20210311,111.14,113.02,111.13,112.55,0
SPAC,20210311,64.17,65.29,64.17,64.92,0
SPAD,20210311,1462.5,1507.65,1457.58,1493.36,0
SPEE,20210311,183.36,185.46,183.21,185.46,0
SPER,20210311,1539.05,1586.57,1533.88,1571.54,0
SPEY,20210311,183.26,186.2,183.26,185.91,0
SPFD,20210311,81.25,90.62,68.75,75,0
SPFI,20210311,65.62,68.75,62.5,65.62,0
SPIN,20210311,320.73,328.57,319.08,320.83,0
SPIR,20210311,243.6,249.54,242.35,243.66,0
SPLR,20210311,878.99,900.42,874.45,879.19,0
SPOF,20210311,56.25,65.62,50,50,0
SPOH,20210311,53.12,53.12,53.12,53.12,0
SPPR,20210311,904.6,913.25,904.25,909.17,0
SPRL,20210311,138.13,140.48,138.13,140.48,0
SPRT,20210311,2783.88,2869.83,2774.53,2842.64,0
SPTH,20210311,56.25,56.25,56.25,56.25,0
SPTW,20210311,87.5,87.5,84.37,84.37,0
SPUS,20210311,201.61,203.02,201.09,202.68,0
SPXT,20210311,8113.28,8205.85,8113.28,8162.58,0
SQTR,20210311,3761.53,3822.25,3761.53,3792.44,0
SRFF,20210311,107.57,107.57,107.57,107.57,0
SRFI,20210311,571.75,574.66,566.15,570.15,278022700
SRIC,20210311,5491.23,5691.03,5491.23,5688.31,0
SRIE,20210311,5734.81,5919,5732.38,5919,0
SRMP,20210311,2082.93,2121.85,2082.93,2106.96,0
SRPR,20210311,184.03,186,183.88,185.09,0
SRTR,20210311,508.72,519.24,508.71,515.58,0
SRWI,20210311,10238.53,10330.86,10238.53,10266.12,0
SS1E,20210311,4066.23,4118.28,4066.23,4084.64,0
SS1J,20210311,1581.34,1622.52,1581.34,1594.83,0
SS2E,20210311,4906.51,4975.46,4906.51,4938.31,0
SS2J,20210311,5340.76,5397.08,5325.92,5352.28,0
SS3E,20210311,16065.09,16248.25,16065.09,16189.38,0
SS3J,20210311,5412.72,5434.39,5386.48,5395.15,0
SS4E,20210311,15767.94,16208.07,15767.94,16117.68,0
SS4J,20210311,4983.6,5017.94,4937.18,4982.27,0
SS5E,20210311,1569.43,1586.06,1565.35,1566.59,0
SS5J,20210311,1550.17,1578.93,1550.17,1568.71,0
SSAE,20210311,420.05,420.51,417.82,419.54,0
SSAI,20210311,697.57,699.51,695.1,697.97,0
SSAU,20210311,488.65,488.65,486.69,487.76,0
SSAX,20210311,7104.98,7297.11,7104.98,7282.24,0
SSBE,20210311,3694.58,3813.2,3693.28,3813.2,0
SSBR,20210311,3538.92,3667.76,3538.92,3665.93,0
SSCA,20210311,399.88,410.1,399.83,409.36,0
SSCB,20210311,268.1,271.21,267.85,270.58,0
SSCE,20210311,348.35,351.53,347.52,350.81,0
SSCH,20210311,771.02,800.13,770.93,799.46,0
SSCK,20210311,343.54,351.8,343.39,351.1,0
SSCL,20210311,237.23,245.91,237.14,244.48,0
SSCM,20210311,13282.94,13515.04,13282.94,13454.29,0
SSCP,20210311,240.58,242.17,239.52,241.73,0
SSCQ,20210311,502.96,509.74,502.53,508.87,0
SSCS,20210311,440.96,447.96,440.96,446.99,0
SSCU,20210311,441.59,446.55,441.29,445.51,0
SSCW,20210311,358.81,362.76,358.42,361.97,0
SSDI,20210311,12.91,13.18,12.91,13.18,0
SSEN,20210311,290.04,292.97,289.77,291.51,0
SSER,20210311,243.95,245.23,243.19,245.05,0
SSEW,20210311,404.49,410.29,404.49,409.91,0
SSFB,20210311,27.07,27.07,26.79,26.97,0
SSFD,20210311,93.33,100,93.33,96.66,0
SSFI,20210311,73.33,76.66,73.33,73.33,0
SSGC,20210311,335.27,339.53,335.27,339.39,0
SSGD,20210311,4878.68,4969.96,4875.38,4957.46,0
SSGE,20210311,1731.05,1760.22,1729.96,1744.53,0
SSGF,20210311,1582.18,1588.16,1572.21,1583.04,0
SSGG,20210311,227.11,231.24,227.11,230.42,0
SSGH,20210311,4229.76,4264.94,4226.21,4249.7,0
SSGI,20210311,7679.81,7881.03,7675.31,7843.97,0
SSGL,20210311,3082.99,3126.23,3081.1,3115.93,0
SSGM,20210311,3524.48,3577.56,3518.81,3572.51,0
SSGN,20210311,3390.92,3421.73,3390.88,3409.43,0
SSGO,20210311,362.31,371.48,362.31,371.2,0
SSGP,20210311,221.17,223.99,221.17,223.89,0
SSGR,20210311,400.16,405.05,400.16,404.88,0
SSGS,20210311,3178.66,3187.61,3170.64,3176.48,0
SSGT,20210311,1643.32,1679.29,1642.28,1672.34,0
SSGU,20210311,1767.87,1789.44,1767.55,1775.85,0
SSGX,20210311,337.12,345.65,337.12,345.39,0
SSGZ,20210311,611.91,625.16,610.49,624.78,0
SSHE,20210311,1821.61,1844.99,1821.61,1843.14,0
SSHJ,20210311,2106.93,2114.72,2091.56,2111.28,0
SSHX,20210311,3638.54,3714.32,3638.54,3693.8,0
SSIA,20210311,102.59,105.2,102.55,105.15,0
SSIB,20210311,31.02,31.81,31.01,31.79,0
SSIC,20210311,56.13,57.56,56.11,57.53,0
SSIP,20210311,123.8,124.64,123.72,124.61,0
SSIS,20210311,128.71,129.59,128.63,129.56,0
SSIT,20210311,153.88,154.93,153.79,154.89,0
SSLF,20210311,1227,1251.51,1226.9,1249.94,0
SSLS,20210311,239.32,240.58,238.58,240.4,0
SSNI,20210311,287.82,296.5,287.55,296.45,0
SSOF,20210311,76.66,76.66,76.66,76.66,0
SSOH,20210311,76.66,76.66,76.66,76.66,0
SSPA,20210311,1683.93,1703.75,1683.93,1700.8,0
SSPE,20210311,1675.77,1690.18,1675.77,1689.26,0
SSPF,20210311,709.44,712.33,701.57,706.77,0
SSPI,20210311,2593.67,2675.28,2593.67,2672.52,0
SSPL,20210311,1398.4,1433.99,1398.4,1424.72,0
SSPN,20210311,8891.84,8993.13,8891.84,8948.52,0
SSPT,20210311,898.45,907.91,898.45,906.46,0
SSPU,20210311,1753.93,1772.5,1753.93,1772.06,0
SSRF,20210311,790.16,795.35,790.16,795.25,0
SSRW,20210311,13312.6,13583.09,13272.67,13516.07,0
SSTH,20210311,76.66,80,76.66,76.66,0
SSTU,20210311,458.43,463.28,457.23,457.6,0
SSTW,20210311,76.66,86.66,73.33,76.66,0
SSUC,20210311,356.35,360.84,356.35,360.67,0
SSUP,20210311,61.26,62.01,61.26,61.99,0
SSUT,20210311,110.83,112.2,110.83,112.15,0
SSWP,20210311,97.36,98.77,97.36,98.68,0
STCE,20210311,1540.38,1624.21,1539.09,1624.21,0
STCL,20210311,1539.67,1631.01,1538.58,1628.16,0
STFE,20210311,2188.11,2214.06,2188.11,2206.35,0
STFU,20210311,2192.65,2216.01,2192.65,2211.71,0
STIC,20210311,1260.42,1275.61,1246.58,1275.61,0
STIF,20210311,1912.4,1924.1,1912.4,1918.43,0
STIL,20210311,939.2,960.09,939.2,960.09,0
STIR,20210311,2580.52,2604.56,2580.52,2591.83,0
STIS,20210311,1022.7,1045.78,1021.98,1045.78,0
STMP,20210311,191.64,192.72,190.84,191.58,0
STNC,20210311,717.85,720.49,717.85,720.49,17412600
STNU,20210311,771.24,774.63,768.48,773.03,17489800
STRA,20210311,188.5,190.8,188.5,190.37,0
STRB,20210311,141.08,142.12,141.08,141.91,0
STRC,20210311,162.64,164.24,162.64,163.94,0
STRD,20210311,135.16,135.98,135.16,135.82,0
STRL,20210311,5266.55,5435.62,5262.8,5425.52,0
STRN,20210311,7141.05,7222.53,7141.05,7184.45,0
STRS,20210311,102.19,102.19,100.58,101.12,0
STRT,20210311,443.75,443.75,435.5,435.9,0
STRU,20210311,1466.34,1474.52,1463.03,1464.89,0
STSI,20210311,456.63,458.48,447.5,447.86,0
STSU,20210311,1561.79,1564.01,1550.18,1561.73,0
STSY,20210311,1428.42,1432.13,1416.14,1429.72,0
STTR,20210311,3091.74,3110.51,3074.45,3092.3,0
SUCD,20210311,542.25,552.58,542.25,550.39,0
SUCS,20210311,488.82,491.42,487.72,488.25,0
SUEP,20210311,315.94,321.83,315.71,316.5,0
SUFD,20210311,92.85,92.85,67.85,67.85,0
SUFI,20210311,64.28,82.14,57.14,57.14,0
SUFP,20210311,254.85,256.16,252.35,254.14,0
SUHC,20210311,533.6,539.4,533.6,536.54,0
SUIP,20210311,502.03,506.62,499.6,502.44,0
SUJP,20210311,148.42,149.03,147.65,148.08,0
SUKP,20210311,1337.43,1341.96,1329.03,1336.84,0
SUKS,20210311,1134.44,1139.22,1129.17,1137.72,0
SUMI,20210311,445.43,451.39,445.43,447.88,0
SUNI,20210311,438.54,472.24,438.01,471.16,0
SUOF,20210311,25,28.57,25,25,0
SUOH,20210311,42.85,46.42,39.28,39.28,0
SUPI,20210311,393.28,397.27,392.19,392.25,0
SURI,20210311,326.22,330.46,325.76,328.09,0
SUTH,20210311,46.42,46.42,46.42,46.42,0
SUTP,20210311,326.71,335.83,326.71,333.75,0
SUTW,20210311,82.14,89.28,78.57,85.71,0
SVFD,20210311,85.71,88.88,77.77,77.77,0
SVFI,20210311,36.5,38.09,36.5,36.5,0
SVOF,20210311,53.96,58.73,50.79,55.55,0
SVOH,20210311,63.49,68.25,61.9,61.9,0
SVTH,20210311,71.42,74.6,69.84,71.42,0
SVTR,20210311,190.09,192.93,190.09,191.46,0
SVTW,20210311,44.44,49.2,42.85,44.44,0
SW0B,20210311,48.11,48.93,48.09,48.77,0
SW0C,20210311,98.96,100.8,98.96,100.55,0
SW0D,20210311,134.83,136.36,134.83,136.08,0
SW0E,20210311,153.51,155.34,153.24,155.04,0
SW0F,20210311,153.3,153.62,152.97,153.32,0
SW0G,20210311,197.62,198.59,197.24,198.21,0
SW0H,20210311,69.31,69.65,69.16,69.48,0
SW0I,20210311,230.13,235.42,229.84,234.68,0
SW1A,20210311,62.8,63.85,62.79,63.7,0
SW1B,20210311,519.47,526.84,519.47,525.73,0
SW1C,20210311,327.95,334.06,327.68,333.13,0
SW1J,20210311,97.97,99.69,97.78,99.42,0
SWFI,20210311,1401.96,1409.4,1386.69,1397.05,0
SWIB,20210311,3311.02,3355.06,3311.02,3352.24,0
SWIT,20210311,3677.97,3724.25,3677.97,3721.24,0
SWSP,20210311,268.55,274.03,268.52,273.8,0
SXTR,20210311,884.98,895.69,884.31,884.37,0
SYFD,20210311,81.96,95.08,78.68,81.96,0
SYFI,20210311,77.04,81.96,77.04,80.32,0
SYOF,20210311,88.52,88.52,86.88,86.88,0
SYOH,20210311,90.16,91.8,90.16,90.16,0
SYTH,20210311,93.44,96.72,93.44,95.08,0
SYTR,20210311,1517.25,1534.28,1511.98,1524.14,0
SYTW,20210311,81.96,86.88,81.96,85.24,0
SZTR,20210311,4604.43,4643.81,4595,4619.67,0
TACK,20210311,9996,10462,9650,10027,0
TACX,20210311,-4,462,-350,27,0
TICK,20210311,10001,10729,9382,10727,0
TICX,20210311,1,729,-618,727,0
TOOC,20210311,21805.94,21875.22,21756.63,21832.83,260042200
TQCK,20210311,9999,11133,9365,10978,0
TQCX,20210311,-1,1133,-635,978,0
TRIA,20210311,3.06,3.06,1.54,1.92,0
TRIN,20210311,0.3,1.7,0.3,1.69,0
TRIQ,20210311,1.14,1.14,0.43,0.62,0
TTCD,20210311,262.07,263.28,259.77,259.88,4643700
TTCS,20210311,643.72,649.4,642.68,645.54,6039100
TTEN,20210311,127.24,127.92,126.12,126.38,57571800
TTFS,20210311,344.35,346.38,343.34,344.31,34763400
TTGD,20210311,286.21,288.61,282.96,286.83,66971300
TTHC,20210311,84.73,89.12,84.31,89.01,12886400
TTIN,20210311,347.92,348.74,346.63,346.87,20482500
TTMT,20210311,307.07,308.98,305.18,308.8,58879700
TTRE,20210311,327.47,329.26,326.07,326.09,13030400
TTTK,20210311,185.58,187.38,183.61,186.57,8948600
TTTS,20210311,172,172.49,171.22,171.22,15132200
TTUT,20210311,316.73,319.1,315.73,318.14,11627900
TXBE,20210311,229.23,234,228.64,233.79,76781900
TXBM,20210311,168.48,171.71,167.94,171.51,81314900
TXCT,20210311,262.26,267.23,259.62,266.99,9086500
TXCX,20210311,18821.37,18881.17,18778.8,18844.57,260042200
TXDC,20210311,143.61,144.1,143.34,143.54,187047300
TXDE,20210311,377.04,379.06,375.49,376.48,18408900
TXDV,20210311,293.51,294.97,292.98,294.33,95900900
TXEI,20210311,115.66,116.26,115.38,115.67,114193100
TXEW,20210311,179.57,180.25,179.29,180.06,121038600
TXFO,20210311,1154.7,1160.13,1150.92,1159.16,139003600
TXGM,20210311,106.18,107.13,105.92,107.13,165618300
TXOE,20210311,176.46,178.31,175.59,176.47,41211000
TXPR,20210311,659.53,661.69,659.45,661.29,3128300
TXSC,20210311,136.09,136.74,135.96,136.65,0
TXSI,20210311,178.97,179.61,176.91,178.71,19696100
TXSX,20210311,1120.86,1124.71,1118.27,1121.45,121038600
TXTW,20210311,749.21,753.19,745.27,753.08,109050300
UNCA,20210311,2,11,1,9,7970500
UNCC,20210311,18,112,18,97,66694000
UNCE,20210311,15,35,15,31,30923400
UNCN,20210311,36,36,15,35,30847500
UNCQ,20210311,53,62,31,46,22826900
UNCS,20210311,43,178,43,178,35176800
UNCT,20210311,91,101,48,90,61644900
UNCU,20210311,171,601,171,601,5524277000
UNCV,20210311,38,326,38,320,82312600
UNCX,20210311,99,595,99,595,184183400
UOI,20210311,43.51,44.55,43.51,44.53,0
UTY,20210311,799.5,808.4,798.1,798.2,0
UVCA,20210311,0.11,12.39,0.02,7.97,0
UVCC,20210311,0.82,66.77,0.82,66.69,0
UVCE,20210311,0.4,31.33,0.4,30.92,0
UVCN,20210311,2.53,55.17,1.04,30.84,0
UVCQ,20210311,4.31,109.03,1.57,22.82,0
UVCS,20210311,0.7,47.45,0.7,35.17,0
UVCT,20210311,6.85,124.36,3.86,61.64,0
UVCU,20210311,201.6,5617.66,201.6,5524.27,0
UVCV,20210311,1.09,82.31,1.09,82.31,0
UVCX,20210311,2.61,186.15,2.61,184.18,0
XAU,20210311,137.08,139.2,136.66,139.14,0
XAX,20210311,2798.61,2834.95,2798.61,2819.31,0
XDS,20210311,108.11,108.3,107.77,108.2,0
XOI,20210311,1086.06,1111.12,1086.06,1095.92,0
Y0FD,20210311,68.36,69.09,63.5,68.12,0
Y0FI,20210311,44.76,46.22,43.3,46.22,0
Y0OF,20210311,59.36,60.82,59.12,59.61,0
Y0OH,20210311,60.82,61.55,59.61,60.34,0
Y0TH,20210311,66.9,67.63,66.42,66.9,0
Y0TW,20210311,34.54,38.44,34.54,38.19,0
Y1FD,20210311,88,96,56,60,0
Y1FI,20210311,84,88,84,84,0
Y1OF,20210311,96,96,88,88,0
Y1OH,20210311,96,100,96,96,0
Y1TH,20210311,100,100,100,100,0
Y1TW,20210311,80,84,80,80,0
Y2FD,20210311,85,95,55,55,0
Y2FI,20210311,85,90,85,85,0
Y2OF,20210311,100,100,90,90,0
Y2OH,20210311,95,100,95,95,0
Y2TH,20210311,100,100,100,100,0
Y2TW,20210311,90,90,90,90,0
Y3FD,20210311,70.39,79.06,67.5,77.61,0
Y3FI,20210311,75.45,82.67,75.09,82.31,0
Y3OF,20210311,81.94,83.39,80.5,83.03,0
Y3OH,20210311,90.25,91.69,89.53,91.33,0
Y3TH,20210311,94.58,96.75,94.58,96.75,0
Y3TW,20210311,71.11,75.81,70.75,74.72,0
Y5FD,20210311,89.04,89.49,80.82,82.19,0
Y5FI,20210311,72.14,73.51,71.23,72.14,0
Y5OF,20210311,73.97,75.79,73.97,74.42,0
Y5OH,20210311,74.88,76.71,74.88,76.25,0
Y5TH,20210311,76.71,77.62,75.79,77.62,0
Y5TW,20210311,74.88,75.79,71.68,75.34,0
Y6FD,20210311,84.61,92.3,61.53,69.23,0
Y6FI,20210311,84.61,84.61,84.61,84.61,0
Y6OF,20210311,84.61,84.61,84.61,84.61,0
Y6OH,20210311,92.3,92.3,92.3,92.3,0
Y6TH,20210311,100,100,92.3,100,0
Y6TW,20210311,92.3,92.3,84.61,84.61,0
Y7FD,20210311,100,100,100,100,0
Y7FI,20210311,90.9,90.9,81.81,90.9,0
Y7OF,20210311,72.72,72.72,72.72,72.72,0
Y7OH,20210311,72.72,72.72,63.63,72.72,0
Y7TH,20210311,63.63,63.63,54.54,63.63,0
Y7TW,20210311,100,100,100,100,0
Y8FD,20210311,92.85,92.85,85.71,85.71,0
Y8FI,20210311,100,100,100,100,0
Y8OF,20210311,100,100,100,100,0
Y8OH,20210311,100,100,100,100,0
Y8TH,20210311,100,100,100,100,0
Y8TW,20210311,100,100,100,100,0
Y9FD,20210311,92.3,92.3,84.61,88.46,0
Y9FI,20210311,96.15,96.15,96.15,96.15,0
Y9OF,20210311,100,100,96.15,100,0
Y9OH,20210311,96.15,96.15,96.15,96.15,0
Y9TH,20210311,96.15,96.15,96.15,96.15,0
Y9TW,20210311,100,100,100,100,0
YAFD,20210311,88.23,88.23,68.62,86.27,0
YAFI,20210311,19.6,21.56,15.68,21.56,0
YAOF,20210311,3.92,5.88,3.92,5.88,0
YAOH,20210311,5.88,5.88,5.88,5.88,0
YATH,20210311,7.84,9.8,5.88,9.8,0
YATW,20210311,50.98,50.98,39.21,50.98,0
YBFD,20210311,77.77,100,77.77,100,0
YBFI,20210311,44.44,44.44,44.44,44.44,0
YBOF,20210311,77.77,77.77,77.77,77.77,0
YBOH,20210311,77.77,77.77,77.77,77.77,0
YBTH,20210311,66.66,77.77,66.66,77.77,0
YBTW,20210311,22.22,44.44,22.22,44.44,0
YCFD,20210311,86.2,86.2,68.96,75.86,0
YCFI,20210311,89.65,89.65,82.75,82.75,0
YCOF,20210311,86.2,89.65,86.2,89.65,0
YCOH,20210311,89.65,89.65,89.65,89.65,0
YCTH,20210311,89.65,89.65,89.65,89.65,0
YCTW,20210311,79.31,79.31,72.41,79.31,0
YDFD,20210311,90,90,68,84,0
YDFI,20210311,36,38,36,36,0
YDOF,20210311,34,36,34,36,0
YDOH,20210311,34,34,34,34,0
YDTH,20210311,36,36,36,36,0
YDTW,20210311,52,52,40,50,0
YEFD,20210311,84.61,88.46,57.69,61.53,0
YEFI,20210311,84.61,88.46,84.61,84.61,0
YEOF,20210311,96.15,96.15,88.46,88.46,0
YEOH,20210311,92.3,96.15,92.3,92.3,0
YETH,20210311,96.15,96.15,96.15,96.15,0
YETW,20210311,76.92,84.61,76.92,76.92,0
YFFD,20210311,87.5,93.75,87.5,93.75,0
YFFI,20210311,56.25,56.25,50,56.25,0
YFOF,20210311,62.5,68.75,62.5,68.75,0
YFOH,20210311,75,81.25,75,81.25,0
YFTH,20210311,87.5,87.5,87.5,87.5,0
YFTW,20210311,50,50,50,50,0
YGFD,20210311,57.14,85.71,28.57,28.57,0
YGFI,20210311,100,100,100,100,0
YGOF,20210311,100,100,100,100,0
YGOH,20210311,100,100,100,100,0
YGTH,20210311,100,100,100,100,0
YGTW,20210311,100,100,85.71,100,0
YHFD,20210311,100,100,100,100,0
YHFI,20210311,43.75,56.25,43.75,56.25,0
YHOF,20210311,50,56.25,43.75,50,0
YHOH,20210311,56.25,75,56.25,68.75,0
YHTH,20210311,68.75,75,68.75,75,0
YHTW,20210311,56.25,62.5,50,62.5,0
YIFD,20210311,92,92,84,88,0
YIFI,20210311,82,84,82,84,0
YIOF,20210311,84,84,84,84,0
YIOH,20210311,86,86,84,86,0
YITH,20210311,84,84,84,84,0
YITW,20210311,88,88,80,84,0
YJFD,20210311,81.48,85.18,77.77,85.18,0
YJFI,20210311,74.07,77.77,74.07,74.07,0
YJOF,20210311,85.18,85.18,85.18,85.18,0
YJOH,20210311,81.48,81.48,81.48,81.48,0
YJTH,20210311,81.48,81.48,81.48,81.48,0
YJTW,20210311,59.25,62.96,59.25,62.96,0
YKFD,20210311,81.48,85.18,77.77,85.18,0
YKFI,20210311,81.48,85.18,81.48,81.48,0
YKOF,20210311,92.59,92.59,92.59,92.59,0
YKOH,20210311,92.59,92.59,92.59,92.59,0
YKTH,20210311,92.59,92.59,92.59,92.59,0
YKTW,20210311,66.66,74.07,66.66,70.37,0
YLFD,20210311,89.04,89.49,80.82,82.19,0
YLFI,20210311,72.14,73.51,71.23,72.14,0
YLOF,20210311,73.97,75.79,73.97,74.42,0
YLOH,20210311,74.88,76.71,74.88,76.25,0
YLTH,20210311,76.71,77.62,75.79,77.62,0
YLTW,20210311,74.88,75.79,71.68,75.34,0
YMFD,20210311,76.19,85.71,76.19,85.71,0
YMFI,20210311,57.14,61.9,57.14,61.9,0
YMOF,20210311,71.42,80.95,71.42,76.19,0
YMOH,20210311,85.71,90.47,85.71,90.47,0
YMTH,20210311,90.47,90.47,90.47,90.47,0
YMTW,20210311,28.57,42.85,28.57,42.85,0
YNFD,20210311,89.04,89.49,80.82,82.19,0
YNFI,20210311,72.14,73.51,71.23,72.14,0
YNOF,20210311,73.97,75.79,73.97,74.42,0
YNOH,20210311,74.88,76.71,74.88,76.25,0
YNTH,20210311,76.71,77.62,75.79,77.62,0
YNTW,20210311,74.88,75.79,71.68,75.34,0
YOFD,20210311,92.16,92.16,83.13,83.73,0
YOFI,20210311,80.72,81.92,79.51,80.72,0
YOOF,20210311,80.72,81.92,80.12,80.12,0
YOOH,20210311,80.72,82.53,80.72,81.92,0
YOTH,20210311,82.53,83.13,81.32,83.13,0
YOTW,20210311,84.33,85.54,80.12,85.54,0
YPFD,20210311,85.71,85.71,85.71,85.71,0
YPFI,20210311,100,100,100,100,0
YPOF,20210311,100,100,100,100,0
YPOH,20210311,100,100,100,100,0
YPTH,20210311,100,100,100,100,0
YPTW,20210311,100,100,100,100,0
YQFD,20210311,93.1,93.1,87.35,87.35,0
YQFI,20210311,85.05,85.05,82.75,83.9,0
YQOF,20210311,83.9,85.05,82.75,82.75,0
YQOH,20210311,80.45,82.75,80.45,81.6,0
YQTH,20210311,82.75,83.9,80.45,83.9,0
YQTW,20210311,90.8,93.1,87.35,93.1,0
YRFD,20210311,90.66,92,80,80,0
YRFI,20210311,89.33,92,89.33,90.66,0
YROF,20210311,94.66,96,92,92,0
YROH,20210311,92,94.66,92,93.33,0
YRTH,20210311,94.66,96,94.66,96,0
YRTW,20210311,93.33,93.33,90.66,93.33,0
YSFD,20210311,93.33,93.33,86.66,90,0
YSFI,20210311,81.66,81.66,81.66,81.66,0
YSOF,20210311,76.66,78.33,76.66,76.66,0
YSOH,20210311,76.66,78.33,75,78.33,0
YSTH,20210311,78.33,80,76.66,80,0
YSTW,20210311,86.66,88.33,83.33,88.33,0
YTFD,20210311,87.42,88.05,77.98,79.24,0
YTFI,20210311,68.55,70.44,67.29,68.55,0
YTOF,20210311,72.95,74.84,72.95,73.58,0
YTOH,20210311,74.21,76.1,74.21,75.47,0
YTTH,20210311,76.1,76.72,75.47,76.72,0
YTTW,20210311,70.44,71.06,67.29,70.44,0
YUFD,20210311,92.3,92.3,69.23,84.61,0
YUFI,20210311,23.07,25.64,17.94,23.07,0
YUOF,20210311,5.12,5.12,5.12,5.12,0
YUOH,20210311,5.12,5.12,5.12,5.12,0
YUTH,20210311,5.12,5.12,5.12,5.12,0
YUTW,20210311,58.97,58.97,41.02,53.84,0
YVFD,20210311,85.71,86.81,74.72,86.81,0
YVFI,20210311,41.75,43.95,40.65,43.95,0
YVOF,20210311,37.36,38.46,37.36,38.46,0
YVOH,20210311,38.46,38.46,38.46,38.46,0
YVTH,20210311,40.65,41.75,39.56,41.75,0
YVTW,20210311,52.74,53.84,46.15,52.74,0
YWFD,20210311,85.41,87.5,81.25,85.41,0
YWFI,20210311,93.75,93.75,93.75,93.75,0
YWOF,20210311,95.83,97.91,95.83,97.91,0
YWOH,20210311,100,100,100,100,0
YWTH,20210311,97.91,100,97.91,100,0
YWTW,20210311,79.16,85.41,79.16,85.41,0
YXFD,20210311,93.33,93.33,93.33,93.33,0
YXFI,20210311,100,100,93.33,100,0
YXOF,20210311,100,100,100,100,0
YXOH,20210311,100,100,100,100,0
YXTH,20210311,100,100,100,100,0
YXTW,20210311,100,100,100,100,0
YYFD,20210311,85.71,85.71,67.85,75,0
YYFI,20210311,89.28,89.28,82.14,82.14,0
YYOF,20210311,85.71,89.28,85.71,89.28,0
YYOH,20210311,89.28,89.28,89.28,89.28,0
YYTH,20210311,89.28,89.28,89.28,89.28,0
YYTW,20210311,78.57,78.57,71.42,78.57,0
YZFD,20210311,90,90,80,80,0
YZFI,20210311,90,90,86,88,0
YZOF,20210311,80,84,78,82,0
YZOH,20210311,76,80,74,78,0
YZTH,20210311,78,78,74,78,0
YZTW,20210311,94,96,92,96,0
Z0FD,20210311,100,100,100,100,0
Z0FI,20210311,100,100,100,100,0
Z0OF,20210311,100,100,100,100,0
Z0OH,20210311,100,100,100,100,0
Z0TH,20210311,100,100,100,100,0
Z0TW,20210311,100,100,100,100,0
Z1FD,20210311,68.98,76.85,64.35,74.53,0
Z1FI,20210311,79.62,84.72,77.77,84.72,0
Z1OF,20210311,85.64,87.5,84.72,86.57,0
Z1OH,20210311,94.44,94.9,93.98,94.44,0
Z1TH,20210311,98.14,99.07,98.14,98.61,0
Z1TW,20210311,68.05,71.75,66.66,70.83,0
Z2FD,20210311,93.33,93.33,86.66,90,0
Z2FI,20210311,81.66,81.66,81.66,81.66,0
Z2OF,20210311,76.66,78.33,76.66,76.66,0
Z2OH,20210311,76.66,78.33,75,78.33,0
Z2TH,20210311,78.33,80,76.66,80,0
Z2TW,20210311,86.66,88.33,83.33,88.33,0
Z3FD,20210311,93.33,93.33,86.66,90,0
Z3FI,20210311,81.66,81.66,81.66,81.66,0
Z3OF,20210311,76.66,78.33,76.66,76.66,0
Z3OH,20210311,76.66,78.33,75,78.33,0
Z3TH,20210311,78.33,80,76.66,80,0
Z3TW,20210311,86.66,88.33,83.33,88.33,0
Z5FD,20210311,85.07,85.07,79.1,81.09,0
Z5FI,20210311,69.15,72.63,69.15,71.64,0
Z5OF,20210311,77.61,79.1,77.61,78.1,0
Z5OH,20210311,81.09,81.09,79.6,79.6,0
Z5TH,20210311,81.09,81.59,80.59,81.59,0
Z5TW,20210311,64.17,67.66,63.68,66.66,0
Z6FD,20210311,84.93,84.93,71.23,76.71,0
Z6FI,20210311,80.82,82.19,79.45,80.82,0
Z6OF,20210311,84.93,84.93,83.56,83.56,0
Z6OH,20210311,87.67,87.67,86.3,86.3,0
Z6TH,20210311,87.67,89.04,87.67,87.67,0
Z6TW,20210311,80.82,82.19,76.71,80.82,0
Z7FD,20210311,90,95,80,90,0
Z7FI,20210311,40,50,40,50,0
Z7OF,20210311,80,85,80,85,0
Z7OH,20210311,85,85,80,85,0
Z7TH,20210311,80,85,75,85,0
Z7TW,20210311,15,40,15,40,0
Z8FD,20210311,83.33,91.66,83.33,91.66,0
Z8FI,20210311,41.66,50,41.66,50,0
Z8OF,20210311,83.33,91.66,83.33,91.66,0
Z8OH,20210311,83.33,83.33,83.33,83.33,0
Z8TH,20210311,75,83.33,66.66,83.33,0
Z8TW,20210311,25,50,16.66,50,0
Z9FD,20210311,90,100,90,100,0
Z9FI,20210311,80,80,80,80,0
Z9OF,20210311,80,80,80,80,0
Z9OH,20210311,80,90,80,90,0
Z9TH,20210311,90,90,90,90,0
Z9TW,20210311,80,80,80,80,0
ZAFD,20210311,90,100,90,100,0
ZAFI,20210311,90,90,90,90,0
ZAOF,20210311,90,90,90,90,0
ZAOH,20210311,90,100,90,100,0
ZATH,20210311,100,100,100,100,0
ZATW,20210311,90,90,90,90,0
ZBFD,20210311,90,100,90,100,0
ZBFI,20210311,90,90,90,90,0
ZBOF,20210311,90,90,90,90,0
ZBOH,20210311,90,100,90,100,0
ZBTH,20210311,100,100,100,100,0
ZBTW,20210311,90,90,90,90,0
ZCFD,20210311,90,100,90,100,0
ZCFI,20210311,90,90,90,90,0
ZCOF,20210311,90,90,90,90,0
ZCOH,20210311,90,100,90,100,0
ZCTH,20210311,100,100,100,100,0
ZCTW,20210311,90,90,90,90,0
